-1.4985,7.0,8.634978092470385e-203,1.0,0.0,0.0,0.0,0.0,0.0,0.0,0.0,0.0,0.0,0.0,2.0
-1.4955,7.0,9.371622102275006e-202,1.0,0.0,0.0,0.0,0.0,0.0,0.0,0.0,0.0,0.0,0.0,2.0
-1.4925,7.0,1.1000228236195292e-200,1.0,0.0,0.0,0.0,0.0,0.0,0.0,0.0,0.0,0.0,0.0,2.0
-1.4895,7.0,1.289636306565124e-199,1.0,0.0,0.0,0.0,0.0,0.0,0.0,0.0,0.0,0.0,0.0,2.0
-1.4865,7.0,1.50928064544486e-198,1.0,0.0,0.0,0.0,0.0,0.0,0.0,0.0,0.0,0.0,0.0,2.0
-1.4835,7.0,1.7633039583199133e-197,1.0,0.0,0.0,0.0,0.0,0.0,0.0,0.0,0.0,0.0,0.0,2.0
-1.4805,7.0,2.056643254255958e-196,1.0,0.0,0.0,0.0,0.0,0.0,0.0,0.0,0.0,0.0,0.0,2.0
-1.4775,7.0,2.394895036746791e-195,1.0,0.0,0.0,0.0,0.0,0.0,0.0,0.0,0.0,0.0,0.0,2.0
-1.4745,7.0,2.7844000504056595e-194,1.0,0.0,0.0,0.0,0.0,0.0,0.0,0.0,0.0,0.0,0.0,2.0
-1.4715,7.0,3.232338658231116e-193,1.0,0.0,0.0,0.0,0.0,0.0,0.0,0.0,0.0,0.0,0.0,2.0
-1.4685,7.0,3.7468378675160045e-192,1.0,0.0,0.0,0.0,0.0,0.0,0.0,0.0,0.0,0.0,0.0,2.0
-1.4655,7.0,4.3370910417694534e-191,1.0,0.0,0.0,0.0,0.0,0.0,0.0,0.0,0.0,0.0,0.0,2.0
-1.4625,7.0,5.01349127205736e-190,1.0,0.0,0.0,0.0,0.0,0.0,0.0,0.0,0.0,0.0,0.0,2.0
-1.4595,7.0,5.7877792604254205e-189,1.0,0.0,0.0,0.0,0.0,0.0,0.0,0.0,0.0,0.0,0.0,2.0
-1.4565,7.0,6.673206379643805e-188,1.0,0.0,0.0,0.0,0.0,0.0,0.0,0.0,0.0,0.0,0.0,2.0
-1.4535,7.0,7.684713306558368e-187,1.0,0.0,0.0,0.0,0.0,0.0,0.0,0.0,0.0,0.0,0.0,2.0
-1.4505,7.0,8.839124271217972e-186,1.0,0.0,0.0,0.0,0.0,0.0,0.0,0.0,0.0,0.0,0.0,2.0
-1.4475,7.0,1.0155356513296594e-184,1.0,0.0,0.0,0.0,0.0,0.0,0.0,0.0,0.0,0.0,0.0,2.0
-1.4445,7.0,1.1654643987245717e-183,1.0,0.0,0.0,0.0,0.0,0.0,0.0,0.0,0.0,0.0,0.0,2.0
-1.4415,7.0,1.3360773709034656e-182,1.0,0.0,0.0,0.0,0.0,0.0,0.0,0.0,0.0,0.0,0.0,2.0
-1.4385,7.0,1.5300332397454248e-181,1.0,0.0,0.0,0.0,0.0,0.0,0.0,0.0,0.0,0.0,0.0,2.0
-1.4355,7.0,1.7502960246591365e-180,1.0,0.0,0.0,0.0,0.0,0.0,0.0,0.0,0.0,0.0,0.0,2.0
-1.4325,7.0,2.0001607796865868e-179,1.0,0.0,0.0,0.0,0.0,0.0,0.0,0.0,0.0,0.0,0.0,2.0
-1.4295,7.0,2.2832790983255256e-178,1.0,0.0,0.0,0.0,0.0,0.0,0.0,0.0,0.0,0.0,0.0,2.0
-1.4265,7.0,2.603683857426448e-177,1.0,0.0,0.0,0.0,0.0,0.0,0.0,0.0,0.0,0.0,0.0,2.0
-1.4235,7.0,2.965812542658218e-176,1.0,0.0,0.0,0.0,0.0,0.0,0.0,0.0,0.0,0.0,0.0,2.0
-1.4205,7.0,3.374528432907237e-175,1.0,0.0,0.0,0.0,0.0,0.0,0.0,0.0,0.0,0.0,0.0,2.0
-1.4175,7.0,3.8351388762306336e-174,1.0,0.0,0.0,0.0,0.0,0.0,0.0,0.0,0.0,0.0,0.0,2.0
-1.4145,7.0,4.353409872477363e-173,1.0,0.0,0.0,0.0,0.0,0.0,0.0,0.0,0.0,0.0,0.0,2.0
-1.4115,7.0,4.935576193994351e-172,1.0,0.0,0.0,0.0,0.0,0.0,0.0,0.0,0.0,0.0,0.0,2.0
-1.4085,7.0,5.588346331652118e-171,1.0,0.0,0.0,0.0,0.0,0.0,0.0,0.0,0.0,0.0,0.0,2.0
-1.4055,7.0,6.3189016529268966e-170,1.0,0.0,0.0,0.0,0.0,0.0,0.0,0.0,0.0,0.0,0.0,2.0
-1.4025,7.0,7.134889303900964e-169,1.0,0.0,0.0,0.0,0.0,0.0,0.0,0.0,0.0,0.0,0.0,2.0
-1.3995,7.0,8.044408576810521e-168,1.0,0.0,0.0,0.0,0.0,0.0,0.0,0.0,0.0,0.0,0.0,2.0
-1.3965,7.0,9.055990694695361e-167,1.0,0.0,0.0,0.0,0.0,0.0,0.0,0.0,0.0,0.0,0.0,2.0
-1.3935,7.0,1.0178572226373987e-165,1.0,0.0,0.0,0.0,0.0,0.0,0.0,0.0,0.0,0.0,0.0,2.0
-1.3905,7.0,1.142146262587209e-164,1.0,0.0,0.0,0.0,0.0,0.0,0.0,0.0,0.0,0.0,0.0,2.0
-1.3875,7.0,1.2794306674126e-163,1.0,0.0,0.0,0.0,0.0,0.0,0.0,0.0,0.0,0.0,0.0,2.0
-1.3845,7.0,1.4307042867435397e-162,1.0,0.0,0.0,0.0,0.0,0.0,0.0,0.0,0.0,0.0,0.0,2.0
-1.3815,7.0,1.5969859024518869e-161,1.0,0.0,0.0,0.0,0.0,0.0,0.0,0.0,0.0,0.0,0.0,2.0
-1.3785,7.0,1.779314654891225e-160,1.0,0.0,0.0,0.0,0.0,0.0,0.0,0.0,0.0,0.0,0.0,2.0
-1.3755,7.0,1.9787454863447558e-159,1.0,0.0,0.0,0.0,0.0,0.0,0.0,0.0,0.0,0.0,0.0,2.0
-1.3725,7.0,2.1963447509203947e-158,1.0,0.0,0.0,0.0,0.0,0.0,0.0,0.0,0.0,0.0,0.0,2.0
-1.3695,7.0,2.4331861258399453e-157,1.0,0.0,0.0,0.0,0.0,0.0,0.0,0.0,0.0,0.0,0.0,2.0
-1.3665,7.0,2.6903469322446124e-156,1.0,0.0,0.0,0.0,0.0,0.0,0.0,0.0,0.0,0.0,0.0,2.0
-1.3635,7.0,2.9689049345573966e-155,1.0,0.0,0.0,0.0,0.0,0.0,0.0,0.0,0.0,0.0,0.0,2.0
-1.3605,7.0,3.2699356374805165e-154,1.0,0.0,0.0,0.0,0.0,0.0,0.0,0.0,0.0,0.0,0.0,2.0
-1.3575,7.0,3.5945100414162135e-153,1.0,0.0,0.0,0.0,0.0,0.0,0.0,0.0,0.0,0.0,0.0,2.0
-1.3545,7.0,3.943692754189031e-152,1.0,0.0,0.0,0.0,0.0,0.0,0.0,0.0,0.0,0.0,0.0,2.0
-1.3515,7.0,4.3185402941375704e-151,1.0,0.0,0.0,0.0,0.0,0.0,0.0,0.0,0.0,0.0,0.0,2.0
-1.3485,7.0,4.7200993624014684e-150,1.0,0.0,0.0,0.0,0.0,0.0,0.0,0.0,0.0,0.0,0.0,2.0
-1.3455,7.0,5.1494048163795e-149,1.0,0.0,0.0,0.0,0.0,0.0,0.0,0.0,0.0,0.0,0.0,2.0
-1.3425,7.0,5.607477047559203e-148,1.0,0.0,0.0,0.0,0.0,0.0,0.0,0.0,0.0,0.0,0.0,2.0
-1.3395,7.0,6.095318460180762e-147,1.0,0.0,0.0,0.0,0.0,0.0,0.0,0.0,0.0,0.0,0.0,2.0
-1.3365,7.0,6.613908766135254e-146,1.0,0.0,0.0,0.0,0.0,0.0,0.0,0.0,0.0,0.0,0.0,2.0
-1.3335,7.0,7.164198857842303e-145,1.0,0.0,0.0,0.0,0.0,0.0,0.0,0.0,0.0,0.0,0.0,2.0
-1.3305,7.0,7.747103093950358e-144,1.0,0.0,0.0,0.0,0.0,0.0,0.0,0.0,0.0,0.0,0.0,2.0
-1.3275000000000001,7.0,8.363489929200546e-143,1.0,0.0,0.0,0.0,0.0,0.0,0.0,0.0,0.0,0.0,0.0,2.0
-1.3245,7.0,9.014170933563076e-142,1.0,0.0,0.0,0.0,0.0,0.0,0.0,0.0,0.0,0.0,0.0,2.0
-1.3215,7.0,9.69988836809977e-141,1.0,0.0,0.0,0.0,0.0,0.0,0.0,0.0,0.0,0.0,0.0,2.0
-1.3185,7.0,1.042130160520184e-139,1.0,0.0,0.0,0.0,0.0,0.0,0.0,0.0,0.0,0.0,0.0,2.0
-1.3155000000000001,7.0,1.1178972786984163e-138,1.0,0.0,0.0,0.0,0.0,0.0,0.0,0.0,0.0,0.0,0.0,2.0
-1.3125,7.0,1.1973352195704216e-137,1.0,0.0,0.0,0.0,0.0,0.0,0.0,0.0,0.0,0.0,0.0,2.0
-1.3094999999999999,7.0,1.2804763853372675e-136,1.0,0.0,0.0,0.0,0.0,0.0,0.0,0.0,0.0,0.0,0.0,2.0
-1.3065,7.0,1.3673391866107787e-135,1.0,0.0,0.0,0.0,0.0,0.0,0.0,0.0,0.0,0.0,0.0,2.0
-1.3035,7.0,1.457926797803861e-134,1.0,0.0,0.0,0.0,0.0,0.0,0.0,0.0,0.0,0.0,0.0,2.0
-1.3005,7.0,1.5522260700408837e-133,1.0,0.0,0.0,0.0,0.0,0.0,0.0,0.0,0.0,0.0,0.0,2.0
-1.2974999999999999,7.0,1.6502066240258275e-132,1.0,0.0,0.0,0.0,0.0,0.0,0.0,0.0,0.0,0.0,0.0,2.0
-1.2945,7.0,1.751820128155625e-131,1.0,0.0,0.0,0.0,0.0,0.0,0.0,0.0,0.0,0.0,0.0,2.0
-1.2915,7.0,1.8569997486823098e-130,1.0,0.0,0.0,0.0,0.0,0.0,0.0,0.0,0.0,0.0,0.0,2.0
-1.2885,7.0,1.96565974096972e-129,1.0,0.0,0.0,0.0,0.0,0.0,0.0,0.0,0.0,0.0,0.0,2.0
-1.2855,7.0,2.0776951360955328e-128,1.0,0.0,0.0,0.0,0.0,0.0,0.0,0.0,0.0,0.0,0.0,2.0
-1.2825,7.0,2.19298146739025e-127,1.0,0.0,0.0,0.0,0.0,0.0,0.0,0.0,0.0,0.0,0.0,2.0
-1.2795,7.0,2.3113744788232515e-126,1.0,0.0,0.0,0.0,0.0,0.0,0.0,0.0,0.0,0.0,0.0,2.0
-1.2765,7.0,2.43270976268955e-125,1.0,0.0,0.0,0.0,0.0,0.0,0.0,0.0,0.0,0.0,0.0,2.0
-1.2735,7.0,2.5568022882467375e-124,1.0,0.0,0.0,0.0,0.0,0.0,0.0,0.0,0.0,0.0,0.0,2.0
-1.2705,7.0,2.6834458052528018e-123,1.0,0.0,0.0,0.0,0.0,0.0,0.0,0.0,0.0,0.0,0.0,2.0
-1.2675,7.0,2.8124121351866304e-122,1.0,0.0,0.0,0.0,0.0,0.0,0.0,0.0,0.0,0.0,0.0,2.0
-1.2645,7.0,2.9434503957576497e-121,1.0,0.0,0.0,0.0,0.0,0.0,0.0,0.0,0.0,0.0,0.0,2.0
-1.2615,7.0,3.0762862378253712e-120,1.0,0.0,0.0,0.0,0.0,0.0,0.0,0.0,0.0,0.0,0.0,2.0
-1.2585,7.0,3.2106212042930837e-119,1.0,0.0,0.0,0.0,0.0,0.0,0.0,0.0,0.0,0.0,0.0,2.0
-1.2555,7.0,3.3461323440932643e-118,1.0,0.0,0.0,0.0,0.0,0.0,0.0,0.0,0.0,0.0,0.0,2.0
-1.2525,7.0,3.482472227605947e-117,1.0,0.0,0.0,0.0,0.0,0.0,0.0,0.0,0.0,0.0,0.0,2.0
-1.2495,7.0,3.61926951010635e-116,1.0,0.0,0.0,0.0,0.0,0.0,0.0,0.0,0.0,0.0,0.0,2.0
-1.2465,7.0,3.7561301756246086e-115,1.0,0.0,0.0,0.0,0.0,0.0,0.0,0.0,0.0,0.0,0.0,2.0
-1.2435,7.0,3.8926395647578565e-114,1.0,0.0,0.0,0.0,0.0,0.0,0.0,0.0,0.0,0.0,0.0,2.0
-1.2405,7.0,4.0283652477066525e-113,1.0,0.0,0.0,0.0,0.0,0.0,0.0,0.0,0.0,0.0,0.0,2.0
-1.2375,7.0,4.1628607505264855e-112,1.0,0.0,0.0,0.0,0.0,0.0,0.0,0.0,0.0,0.0,0.0,2.0
-1.2345,7.0,4.295670081612868e-111,1.0,0.0,0.0,0.0,0.0,0.0,0.0,0.0,0.0,0.0,0.0,2.0
-1.2315,7.0,4.426332940636931e-110,1.0,0.0,0.0,0.0,0.0,0.0,0.0,0.0,0.0,0.0,0.0,2.0
-1.2285,7.0,4.554390427580366e-109,1.0,0.0,0.0,0.0,0.0,0.0,0.0,0.0,0.0,0.0,0.0,2.0
-1.2255,7.0,4.67939100924768e-108,1.0,0.0,0.0,0.0,0.0,0.0,0.0,0.0,0.0,0.0,0.0,2.0
-1.2225,7.0,4.8008964487371997e-107,1.0,0.0,0.0,0.0,0.0,0.0,0.0,0.0,0.0,0.0,0.0,2.0
-1.2195,7.0,4.918487364158314e-106,1.0,0.0,0.0,0.0,0.0,0.0,0.0,0.0,0.0,0.0,0.0,2.0
-1.2165,7.0,5.031768061347366e-105,1.0,0.0,0.0,0.0,0.0,0.0,0.0,0.0,0.0,0.0,0.0,2.0
-1.2135,7.0,5.140370287374953e-104,1.0,0.0,0.0,0.0,0.0,0.0,0.0,0.0,0.0,0.0,0.0,2.0
-1.2105000000000001,7.0,5.243955584148252e-103,1.0,0.0,0.0,0.0,0.0,0.0,0.0,0.0,0.0,0.0,0.0,2.0
-1.2075,7.0,5.3422159916846165e-102,1.0,0.0,0.0,0.0,0.0,0.0,0.0,0.0,0.0,0.0,0.0,2.0
-1.2045,7.0,5.4348729649522e-101,1.0,0.0,0.0,0.0,0.0,0.0,0.0,0.0,0.0,0.0,0.0,2.0
-1.2015,7.0,5.521674529552876e-100,1.0,0.0,0.0,0.0,0.0,0.0,0.0,0.0,0.0,0.0,0.0,2.0
-1.1985000000000001,7.0,5.6023909068067475e-99,1.0,0.0,0.0,0.0,0.0,0.0,0.0,0.0,0.0,0.0,0.0,2.0
-1.1955,7.0,5.6768090756841634e-98,1.0,0.0,0.0,0.0,0.0,0.0,0.0,0.0,0.0,0.0,0.0,2.0
-1.1925,7.0,5.744726983859729e-97,1.0,0.0,0.0,0.0,0.0,0.0,0.0,0.0,0.0,0.0,0.0,2.0
-1.1895,7.0,5.8059483374730336e-96,1.0,0.0,0.0,0.0,0.0,0.0,0.0,0.0,0.0,0.0,0.0,2.0
-1.1865,7.0,5.8602790439830245e-95,1.0,0.0,0.0,0.0,0.0,0.0,0.0,0.0,0.0,0.0,0.0,2.0
-1.1835,7.0,5.907526405836833e-94,1.0,0.0,0.0,0.0,0.0,0.0,0.0,0.0,0.0,0.0,0.0,2.0
-1.1804999999999999,7.0,5.947502020373759e-93,1.0,0.0,0.0,0.0,0.0,0.0,0.0,0.0,0.0,0.0,0.0,2.0
-1.1775,7.0,5.980029005091128e-92,1.0,0.0,0.0,0.0,0.0,0.0,0.0,0.0,0.0,0.0,0.0,2.0
-1.1745,7.0,6.004953635937929e-91,1.0,0.0,0.0,0.0,0.0,0.0,0.0,0.0,0.0,0.0,0.0,2.0
-1.1715,7.0,6.022160794834423e-90,1.0,0.0,0.0,0.0,0.0,0.0,0.0,0.0,0.0,0.0,0.0,2.0
-1.1684999999999999,7.0,6.0315918466728694e-89,1.0,0.0,0.0,0.0,0.0,0.0,0.0,0.0,0.0,0.0,0.0,2.0
-1.1655,7.0,6.033262817988061e-88,1.0,0.0,0.0,0.0,0.0,0.0,0.0,0.0,0.0,0.0,0.0,2.0
-1.1625,7.0,6.0272801659841415e-87,1.0,0.0,0.0,0.0,0.0,0.0,0.0,0.0,0.0,0.0,0.0,2.0
-1.1595,7.0,6.013851147721139e-86,1.0,0.0,0.0,0.0,0.0,0.0,0.0,0.0,0.0,0.0,0.0,2.0
-1.1564999999999999,7.0,5.993285941561421e-85,1.0,0.0,0.0,0.0,0.0,0.0,0.0,0.0,0.0,0.0,0.0,2.0
-1.1535,7.0,5.965989301377731e-84,1.0,0.0,0.0,0.0,0.0,0.0,0.0,0.0,0.0,0.0,0.0,2.0
-1.1505,7.0,5.932440628360933e-83,1.0,0.0,0.0,0.0,0.0,0.0,0.0,0.0,0.0,0.0,0.0,2.0
-1.1475,7.0,5.893162827629351e-82,1.0,0.0,0.0,0.0,0.0,0.0,0.0,0.0,0.0,0.0,0.0,2.0
-1.1445,7.0,5.848681994602679e-81,1.0,0.0,0.0,0.0,0.0,0.0,0.0,0.0,0.0,0.0,0.0,2.0
-1.1415,7.0,5.799481602706984e-80,1.0,0.0,0.0,0.0,0.0,0.0,0.0,0.0,0.0,0.0,0.0,2.0
-1.1385,7.0,5.745956165933843e-79,1.0,0.0,0.0,0.0,0.0,0.0,0.0,0.0,0.0,0.0,0.0,2.0
-1.1355,7.0,5.688370074320246e-78,1.0,0.0,0.0,0.0,0.0,0.0,0.0,0.0,0.0,0.0,0.0,2.0
-1.1325,7.0,5.62682726511223e-77,1.0,0.0,0.0,0.0,0.0,0.0,0.0,0.0,0.0,0.0,0.0,2.0
-1.1295,7.0,5.561256526407389e-76,1.0,0.0,0.0,0.0,0.0,0.0,0.0,0.0,0.0,0.0,0.0,2.0
-1.1265,7.0,5.491415597647694e-75,1.0,0.0,0.0,0.0,0.0,0.0,0.0,0.0,0.0,0.0,0.0,2.0
-1.1235,7.0,5.416915030686211e-74,1.0,0.0,0.0,0.0,0.0,0.0,0.0,0.0,0.0,0.0,0.0,2.0
-1.1205,7.0,5.337260311458898e-73,1.0,0.0,0.0,0.0,0.0,0.0,0.0,0.0,0.0,0.0,0.0,2.0
-1.1175,7.0,5.251908378479714e-72,1.0,0.0,0.0,0.0,0.0,0.0,0.0,0.0,0.0,0.0,0.0,2.0
-1.1145,7.0,5.160332768797222e-71,1.0,0.0,0.0,0.0,0.0,0.0,0.0,0.0,0.0,0.0,0.0,2.0
-1.1115,7.0,5.062090465298268e-70,1.0,0.0,0.0,0.0,0.0,0.0,0.0,0.0,0.0,0.0,0.0,2.0
-1.1085,7.0,4.95688328285495e-69,1.0,0.0,0.0,0.0,0.0,0.0,0.0,0.0,0.0,0.0,0.0,2.0
-1.1055,7.0,4.844607338229394e-68,1.0,0.0,0.0,0.0,0.0,0.0,0.0,0.0,0.0,0.0,0.0,2.0
-1.1025,7.0,4.725385674075368e-67,1.0,0.0,0.0,0.0,0.0,0.0,0.0,0.0,0.0,0.0,0.0,2.0
-1.0995,7.0,4.599581202102252e-66,1.0,0.0,0.0,0.0,0.0,0.0,0.0,0.0,0.0,0.0,0.0,2.0
-1.0965,7.0,4.467789470561435e-65,1.0,0.0,0.0,0.0,0.0,0.0,0.0,0.0,0.0,0.0,0.0,2.0
-1.0935000000000001,7.0,4.330813006155719e-64,1.0,0.0,0.0,0.0,0.0,0.0,0.0,0.0,0.0,0.0,0.0,2.0
-1.0905,7.0,4.1896208307029453e-63,1.0,0.0,0.0,0.0,0.0,0.0,0.0,0.0,0.0,0.0,0.0,2.0
-1.0875,7.0,4.045297995304495e-62,1.0,0.0,0.0,0.0,0.0,0.0,0.0,0.0,0.0,0.0,0.0,2.0
-1.0845,7.0,3.898990508570804e-61,1.0,0.0,0.0,0.0,0.0,0.0,0.0,0.0,0.0,0.0,0.0,2.0
-1.0815000000000001,7.0,3.751850875475475e-60,1.0,0.0,0.0,0.0,0.0,0.0,0.0,0.0,0.0,0.0,0.0,2.0
-1.0785,7.0,3.6049887229964974e-59,1.0,0.0,0.0,0.0,0.0,0.0,0.0,0.0,0.0,0.0,0.0,2.0
-1.0755,7.0,3.459429847983846e-58,1.0,0.0,0.0,0.0,0.0,0.0,0.0,0.0,0.0,0.0,0.0,2.0
-1.0725,7.0,3.31608569019107e-57,1.0,0.0,0.0,0.0,0.0,0.0,0.0,0.0,0.0,0.0,0.0,2.0
-1.0695000000000001,7.0,3.175733909098112e-56,1.0,0.0,0.0,0.0,0.0,0.0,0.0,0.0,0.0,0.0,0.0,2.0
-1.0665,7.0,3.0390095894096966e-55,1.0,0.0,0.0,0.0,0.0,0.0,0.0,0.0,0.0,0.0,0.0,2.0
-1.0635,7.0,2.9064057243554475e-54,1.0,0.0,0.0,0.0,0.0,0.0,0.0,0.0,0.0,0.0,0.0,2.0
-1.0605,7.0,2.7782810757392125e-53,1.0,0.0,0.0,0.0,0.0,0.0,0.0,0.0,0.0,0.0,0.0,2.0
-1.0575,7.0,2.654873278750822e-52,1.0,0.0,0.0,0.0,0.0,0.0,0.0,0.0,0.0,0.0,0.0,2.0
-1.0545,7.0,2.5363151008354868e-51,1.0,0.0,0.0,0.0,0.0,0.0,0.0,0.0,0.0,0.0,0.0,2.0
-1.0514999999999999,7.0,2.422652006266726e-50,1.0,0.0,0.0,0.0,0.0,0.0,0.0,0.0,0.0,0.0,0.0,2.0
-1.0485,7.0,2.3138595424601386e-49,1.0,0.0,0.0,0.0,0.0,0.0,0.0,0.0,0.0,0.0,0.0,2.0
-1.0455,7.0,2.2098594768193855e-48,1.0,0.0,0.0,0.0,0.0,0.0,0.0,0.0,0.0,0.0,0.0,2.0
-1.0425,7.0,2.1105340144962016e-47,1.0,0.0,0.0,0.0,0.0,0.0,0.0,0.0,0.0,0.0,0.0,2.0
-1.0394999999999999,7.0,2.0157377766502648e-46,1.0,0.0,0.0,0.0,0.0,0.0,0.0,0.0,0.0,0.0,0.0,2.0
-1.0365,7.0,1.925307492871357e-45,1.0,0.0,0.0,0.0,0.0,0.0,0.0,0.0,0.0,0.0,0.0,2.0
-1.0335,7.0,1.8390695535107103e-44,1.0,0.0,0.0,0.0,0.0,0.0,0.0,0.0,0.0,0.0,0.0,2.0
-1.0305,7.0,1.7568456827124806e-43,1.0,0.0,0.0,0.0,0.0,0.0,0.0,0.0,0.0,0.0,0.0,2.0
-1.0275,7.0,1.6784570433709775e-42,1.0,0.0,0.0,0.0,0.0,0.0,0.0,0.0,0.0,0.0,0.0,2.0
-1.0245,7.0,1.6037270871918057e-41,1.0,0.0,0.0,0.0,0.0,0.0,0.0,0.0,0.0,0.0,0.0,2.0
-1.0215,7.0,1.5324834334833474e-40,1.0,0.0,0.0,0.0,0.0,0.0,0.0,0.0,0.0,0.0,0.0,2.0
-1.0185,7.0,1.464559015126641e-39,1.0,0.0,0.0,0.0,0.0,0.0,0.0,0.0,0.0,0.0,0.0,2.0
-1.0155,7.0,1.3997926827893713e-38,1.0,0.0,0.0,0.0,0.0,0.0,0.0,0.0,0.0,0.0,0.0,2.0
-1.0125,7.0,1.3380294188882664e-37,1.0,0.0,0.0,0.0,0.0,0.0,0.0,0.0,0.0,0.0,0.0,2.0
-1.0095,7.0,1.2791202874424343e-36,1.0,0.0,0.0,0.0,0.0,0.0,0.0,0.0,0.0,0.0,0.0,2.0
-1.0065,7.0,1.2229222379416133e-35,1.0,0.0,0.0,0.0,0.0,0.0,0.0,0.0,0.0,0.0,0.0,2.0
-1.0035,7.0,1.1692978905209205e-34,1.0,0.0,0.0,0.0,0.0,0.0,0.0,0.0,0.0,0.0,0.0,2.0
-1.0005,7.0,1.118115452394684e-33,1.0,0.0,0.0,0.0,0.0,0.0,0.0,0.0,0.0,0.0,0.0,2.0
-0.9975,7.0,1.0692489369515923e-32,1.0,0.0,0.0,0.0,0.0,0.0,0.0,0.0,0.0,0.0,0.0,2.0
-0.9945,7.0,1.0225788313941523e-31,1.0,0.0,0.0,0.0,0.0,0.0,0.0,0.0,0.0,0.0,0.0,2.0
-0.9915,7.0,9.779932629310756e-31,1.0,0.0,0.0,0.0,0.0,0.0,0.0,0.0,0.0,0.0,0.0,2.0
-0.9885,7.0,9.353895662405955e-30,1.0,0.0,0.0,0.0,0.0,0.0,0.0,0.0,0.0,0.0,0.0,2.0
-0.9855,7.0,8.946756613112556e-29,1.0,0.0,0.0,0.0,0.0,0.0,0.0,0.0,0.0,0.0,0.0,2.0
-0.9825,7.0,8.557704787221389e-28,1.0,0.0,0.0,0.0,0.0,0.0,0.0,0.0,0.0,0.0,0.0,2.0
-0.9795,7.0,8.186044102132082e-27,1.0,0.0,0.0,0.0,0.0,0.0,0.0,0.0,0.0,0.0,0.0,2.0
-0.9765,7.0,7.83115995508447e-26,1.0,0.0,0.0,0.0,0.0,0.0,0.0,0.0,0.0,0.0,0.0,2.0
-0.9735,7.0,7.492398988666762e-25,1.0,0.0,0.0,0.0,0.0,0.0,0.0,0.0,0.0,0.0,0.0,2.0
-0.9705,7.0,7.169351633052743e-24,1.0,0.0,0.0,0.0,0.0,0.0,0.0,0.0,0.0,0.0,0.0,2.0
-0.9675,7.0,6.861591132894272e-23,1.0,0.0,0.0,0.0,0.0,0.0,0.0,0.0,0.0,0.0,0.0,2.0
-0.9645,7.0,6.56657466316257e-22,1.0,0.0,0.0,0.0,0.0,0.0,0.0,0.0,0.0,0.0,0.0,2.0
-0.9615,7.0,6.286690689753677e-21,1.0,0.0,0.0,0.0,0.0,0.0,0.0,0.0,0.0,0.0,0.0,2.0
-0.9585,7.0,6.031312624128542e-20,1.0,0.0,0.0,0.0,0.0,0.0,0.0,0.0,0.0,0.0,0.0,2.0
-0.9555,7.0,5.735567479908825e-19,1.0,0.0,0.0,0.0,0.0,0.0,0.0,0.0,0.0,0.0,0.0,2.0
-0.9525,7.0,5.51921955965285e-18,1.0,0.0,0.0,0.0,0.0,0.0,0.0,0.0,0.0,0.0,0.0,2.0
-0.9495,7.0,5.4947907514288476e-17,1.0,0.0,0.0,0.0,0.0,0.0,0.0,0.0,0.0,0.0,0.0,2.0
-0.9465,7.0,2.8303872394913876e-16,0.9999999999999997,0.0,0.0,0.0,0.0,0.0,0.0,0.0,0.0,0.0,0.0,2.0
-0.9435,6.999999999999997,8.56217481554099e-16,0.999999999999999,0.0,0.0,0.0,0.0,0.0,0.0,0.0,0.0,0.0,0.0,2.0
-0.9405,6.999999999999993,1.9018785275481275e-15,0.9999999999999978,0.0,0.0,0.0,0.0,0.0,0.0,0.0,0.0,0.0,0.0,2.0
-0.9375,6.999999999999985,3.819160780208507e-15,0.9999999999999956,0.0,0.0,0.0,0.0,0.0,0.0,0.0,0.0,0.0,0.0,2.0
-0.9345,6.99999999999997,7.500230636854853e-15,0.9999999999999912,0.0,0.0,0.0,0.0,0.0,0.0,0.0,0.0,0.0,0.0,2.0
-0.9315,6.999999999999942,1.45887741519562e-14,0.999999999999983,0.0,0.0,0.0,0.0,0.0,0.0,0.0,0.0,0.0,0.0,2.0
-0.9285,6.999999999999887,2.8175083599381793e-14,0.9999999999999674,0.0,0.0,0.0,0.0,0.0,0.0,0.0,0.0,0.0,0.0,2.0
-0.9255,6.999999999999782,5.391180371772778e-14,0.9999999999999375,0.0,0.0,0.0,0.0,0.0,0.0,0.0,0.0,0.0,0.0,2.0
-0.9225,6.999999999999584,1.0262861667641324e-13,0.9999999999998814,0.0,0.0,0.0,0.0,0.0,0.0,0.0,0.0,0.0,0.0,2.0
-0.9195,6.999999999999213,1.9440271538556848e-13,0.9999999999997756,0.0,0.0,0.0,0.0,0.0,0.0,0.0,0.0,0.0,0.0,2.0
-0.9165,6.999999999998519,3.664585806162022e-13,0.9999999999995769,0.0,0.0,0.0,0.0,0.0,0.0,0.0,0.0,0.0,0.0,2.0
-0.9135,6.999999999997222,6.875819750866061e-13,0.9999999999992059,0.0,0.0,0.0,0.0,0.0,0.0,0.0,0.0,0.0,0.0,2.0
-0.9105,6.999999999994809,1.284321396175007e-12,0.9999999999985169,0.0,0.0,0.0,0.0,0.0,0.0,0.0,0.0,0.0,0.0,2.0
-0.9075,6.999999999990348,2.3883917870039666e-12,0.9999999999972419,0.0,0.0,0.0,0.0,0.0,0.0,0.0,0.0,0.0,0.0,2.0
-0.9045,6.999999999982132,4.4216053084562394e-12,0.9999999999948941,0.0,0.0,0.0,0.0,0.0,0.0,0.0,0.0,0.0,0.0,2.0
-0.9015,6.999999999967067,8.148775408893178e-12,0.9999999999905906,0.0,0.0,0.0,0.0,0.0,0.0,0.0,0.0,0.0,0.0,2.0
-0.8985,6.999999999939576,1.4950073166355964e-11,0.9999999999827376,0.0,0.0,0.0,0.0,0.0,0.0,0.0,0.0,0.0,0.0,2.0
-0.8955,6.999999999889645,2.7306190847675875e-11,0.9999999999684693,0.0,0.0,0.0,0.0,0.0,0.0,0.0,0.0,0.0,0.0,2.0
-0.8925,6.999999999799304,4.965958335981279e-11,0.9999999999426581,0.0,0.0,0.0,0.0,0.0,0.0,0.0,0.0,0.0,0.0,2.0
-0.8895,6.999999999636517,8.993896118758201e-11,0.9999999998961472,0.0,0.0,0.0,0.0,0.0,0.0,0.0,0.0,0.0,0.0,2.0
-0.8865,6.999999999344291,1.6224622512260597e-10,0.9999999998126541,0.0,0.0,0.0,0.0,0.0,0.0,0.0,0.0,0.0,0.0,2.0
-0.8835,6.999999998821691,2.9155536447403835e-10,0.9999999996633411,0.0,0.0,0.0,0.0,0.0,0.0,0.0,0.0,0.0,0.0,2.0
-0.8805,6.999999997891055,5.21828183242916e-10,0.9999999993974449,0.0,0.0,0.0,0.0,0.0,0.0,0.0,0.0,0.0,0.0,2.0
-0.8775,6.999999996242386,9.297681806338883e-10,0.9999999989263962,0.0,0.0,0.0,0.0,0.0,0.0,0.0,0.0,0.0,0.0,2.0
-0.8745,6.999999993341637,1.6475180874300562e-09,0.9999999980976095,0.0,0.0,0.0,0.0,0.0,0.0,0.0,0.0,0.0,0.0,2.0
-0.8715,6.999999988284541,2.8988245879998604e-09,0.9999999966527255,0.0,0.0,0.0,0.0,0.0,0.0,0.0,0.0,0.0,0.0,2.0
-0.8685,6.999999979573846,5.054162363171196e-09,0.9999999941639562,0.0,0.0,0.0,0.0,0.0,0.0,0.0,0.0,0.0,0.0,2.0
-0.8655,6.999999964795721,8.710800505673169e-09,0.9999999899416337,0.0,0.0,0.0,0.0,0.0,0.0,0.0,0.0,0.0,0.0,2.0
-0.8625,6.999999940140639,1.481134999012279e-08,0.9999999828973268,0.0,0.0,0.0,0.0,0.0,0.0,0.0,0.0,0.0,0.0,2.0
-0.8595,6.999999899366201,2.4900406980978375e-08,0.9999999712474874,0.0,0.0,0.0,0.0,0.0,0.0,0.0,0.0,0.0,0.0,2.0
-0.8565,6.999999829902547,4.20882039367023e-08,0.9999999514007291,0.0,0.0,0.0,0.0,0.0,0.0,0.0,0.0,0.0,0.0,2.0
-0.8535,6.999999699149057,7.444130300804027e-08,0.9999999140425893,0.0,0.0,0.0,0.0,0.0,0.0,0.0,0.0,0.0,0.0,2.0
-0.8505,6.9999994264594925,1.4191446867398199e-07,0.9999998361312964,0.0,0.0,0.0,0.0,0.0,0.0,0.0,0.0,0.0,0.0,2.0
-0.8475,6.999999442679716,2.5149985700790256e-07,0.9999995515097484,0.0,0.0,0.0,0.0,0.0,0.0,0.0,0.0,0.0,0.0,2.0
-0.8445,6.9999994169325,3.0776412846743586e-07,0.9999992952488934,0.0,0.0,0.0,0.0,0.0,0.0,0.0,0.0,0.0,0.0,2.0
-0.8415,6.999998697283545,3.355271333883635e-07,0.9999990626947788,1.990725074493575e-06,-9.380520006874558e-07,0.0,0.0,0.0,0.0,0.0,0.0,0.0,0.0,4.0
-0.8385,6.999998114919925,4.6781319161546657e-07,0.9999989049244493,2.8481305880257065e-06,-1.3061521364097108e-06,0.0,0.0,0.0,0.0,0.0,0.0,0.0,0.0,4.0
-0.8355,6.999997398478783,6.446641263401939e-07,0.9999986987532226,3.701225248815966e-06,-1.684572011494574e-06,0.0,0.0,0.0,0.0,0.0,0.0,0.0,0.0,4.0
-0.8325,6.999996495664317,8.688138054357355e-07,0.9999984353982829,4.563066885964185e-06,-2.0671329556949248e-06,0.0,0.0,0.0,0.0,0.0,0.0,0.0,0.0,4.0
-0.8295,6.999995371196248,1.1475863442594505e-06,0.999998106563046,5.441806341574163e-06,-2.451977948883278e-06,0.0,0.0,0.0,0.0,0.0,0.0,0.0,0.0,4.0
-0.8265,6.99999398743525,1.4905829764323047e-06,0.9999977014426671,6.344262021078541e-06,-2.8391293453315843e-06,0.0,0.0,0.0,0.0,0.0,0.0,0.0,0.0,4.0
-0.8235,6.999992295769125,1.910021451054791e-06,0.9999972053865095,7.277976197055378e-06,-3.2293542533811656e-06,0.0,0.0,0.0,0.0,0.0,0.0,0.0,0.0,4.0
-0.8205,6.999990231666824,2.4218830121423365e-06,0.9999965990977663,8.252155677493064e-06,-3.623525798581222e-06,0.0,0.0,0.0,0.0,0.0,0.0,0.0,0.0,4.0
-0.8175,6.999987711130241,3.046870557805639e-06,0.9999958579761252,9.277480697625662e-06,-4.022251527401497e-06,0.0,0.0,0.0,0.0,0.0,0.0,0.0,0.0,4.0
-0.8145,6.999984629046351,3.810860334367893e-06,0.999994951827949,1.0365225158153977e-05,-4.42568876302877e-06,0.0,0.0,0.0,0.0,0.0,0.0,0.0,0.0,4.0
-0.8115,6.99998085989114,4.744772944794614e-06,0.9999938450779213,1.1526245369864575e-05,-4.83353815475633e-06,0.0,0.0,0.0,0.0,0.0,0.0,0.0,0.0,4.0
-0.8085,6.999976260099258,5.884096538722463e-06,0.9999924970244998,1.2771091839616583e-05,-5.245505318641891e-06,0.0,0.0,0.0,0.0,0.0,0.0,0.0,0.0,4.0
-0.8055,6.999970668563427,7.269345521764146e-06,0.9999908592506155,1.4117547738887453e-05,-5.664299905930341e-06,0.0,0.0,0.0,0.0,0.0,0.0,0.0,0.0,4.0
-0.8025,6.999963899182758,8.950331792241018e-06,0.9999888625098153,1.562335041067498e-05,-6.107495147581559e-06,0.0,0.0,0.0,0.0,0.0,0.0,0.0,0.0,4.0
-0.7995,6.9999557525667795,1.0988941093382592e-05,0.9999863971829485,1.7445019335332773e-05,-6.630895709680164e-06,0.0,0.0,0.0,0.0,0.0,0.0,0.0,0.0,4.0
-0.7965,6.99994621901213,1.3415824191844411e-05,0.9999833565474555,1.9819995627032958e-05,-7.337932336252348e-06,0.0,0.0,0.0,0.0,0.0,0.0,0.0,0.0,4.0
-0.7935,6.999936087385754,1.6086304679859672e-05,0.9999798251149643,2.286350358070697e-05,-8.348549562601576e-06,0.0,0.0,0.0,0.0,0.0,0.0,0.0,0.0,4.0
-0.7905,6.999927200621255,1.862191671950728e-05,0.9999761569270682,2.6469260665939554e-05,-9.767381713173416e-06,0.0,0.0,0.0,0.0,0.0,0.0,0.0,0.0,4.0
-0.7875,6.999966138692255,2.131527468486994e-05,0.9999661268565668,2.7900754180448944e-05,-7.638289744060018e-06,0.0,0.0,0.0,0.0,0.0,0.0,0.0,0.0,4.0
-0.7845,6.999961186685311,2.266273382121779e-05,0.9999636800254827,2.961822733552933e-05,-9.898740578031822e-06,0.0,0.0,0.0,0.0,0.0,0.0,0.0,0.0,4.0
-0.7815,6.999931034893694,2.7086522336705787e-05,0.9999574668146458,3.076107753205297e-05,-1.2003636951980307e-05,1.756868719455793e-06,-4.460395594300384e-07,0.0,0.0,0.0,0.0,0.0,0.0,6.0
-0.7785,6.999909714143792,3.0130344893703753e-05,0.9999504875607247,3.505445386934775e-05,-1.3037696185572894e-05,2.1948175611112737e-06,-4.4632086764865287e-07,0.0,0.0,0.0,0.0,0.0,0.0,6.0
-0.7755,6.999887745243822,3.4017559664117414e-05,0.9999431740307759,4.092888761700232e-05,-1.3943777212251773e-05,2.627769469950719e-06,-4.878367886615272e-07,0.0,0.0,0.0,0.0,0.0,0.0,6.0
-0.7725,6.999865627736408,3.8925003677888036e-05,0.9999354343889297,4.813470742243166e-05,-1.4941304503822578e-05,3.0405190493919983e-06,-5.585061606285803e-07,0.0,0.0,0.0,0.0,0.0,0.0,6.0
-0.7695,6.999842532255364,4.4753533727111034e-05,0.9999268551245483,5.623871277973678e-05,-1.6199997196544755e-05,3.4424420299368262e-06,-6.457346308362764e-07,0.0,0.0,0.0,0.0,0.0,0.0,6.0
-0.7665,6.999817606024124,5.144054363673965e-05,0.9999171062381481,6.507549013205684e-05,-1.7785217713156066e-05,3.8605388965245745e-06,-7.385307278853518e-07,0.0,0.0,0.0,0.0,0.0,0.0,6.0
-0.7635,6.999790226859881,5.901865336452206e-05,0.9999059837333432,7.475451294893488e-05,-1.9698487978019297e-05,4.317986234612564e-06,-8.313603244184287e-07,0.0,0.0,0.0,0.0,0.0,0.0,6.0
-0.7605,6.99975986390558,6.757787044357577e-05,0.9998933090191214,8.548442107370651e-05,-2.193765907462463e-05,4.8238674294308865e-06,-9.226723914795326e-07,0.0,0.0,0.0,0.0,0.0,0.0,6.0
-0.7575,6.999725971275052,7.724297286441593e-05,0.9998788718069002,9.749095015898786e-05,-2.4513050790557595e-05,5.375791115206319e-06,-1.011434916549611e-06,0.0,0.0,0.0,0.0,0.0,0.0,6.0
-0.7545,6.999687949189368,8.816917470638654e-05,0.9998624197743244,0.00011100440349658811,-2.7440409362033117e-05,5.965515862787295e-06,-1.0952871199249861e-06,0.0,0.0,0.0,0.0,0.0,0.0,6.0
-0.7515,6.999645127966319,0.00010054073804620096,0.9998436657080811,0.00012624946391335217,-3.0733381952039175e-05,6.583449263470729e-06,-1.17128074245988e-06,0.0,0.0,0.0,0.0,0.0,0.0,6.0
-0.7485,6.999596748301778,0.00011456932634643293,0.9998222999448919,0.00014342233084884613,-3.439755715176358e-05,7.223198226394048e-06,-1.2383117999172753e-06,0.0,0.0,0.0,0.0,0.0,0.0,6.0
-0.7455,6.999541925389599,0.0001304946906756453,0.9997980014480814,0.00016266502454067715,-3.8424839356531596e-05,7.88605166195376e-06,-1.2997762561919064e-06,0.0,0.0,0.0,0.0,0.0,0.0,6.0
-0.7425,6.999479610618395,0.00014858688434722363,0.9997704430098625,0.0001840542541282901,-4.279148061985389e-05,8.583165887784902e-06,-1.3647230068109102e-06,0.0,0.0,0.0,0.0,0.0,0.0,6.0
-0.7395,6.999408607073009,0.00016914117790114242,0.9997392918124044,0.00020762471673910636,-4.746703934825286e-05,9.333069217222367e-06,-1.445743941998495e-06,0.0,0.0,0.0,0.0,0.0,0.0,6.0
-0.7365,6.999327699619807,0.00019245573104453482,0.999704209571183,0.0002334364595129771,-5.243886855168682e-05,1.0153900952303702e-05,-1.5529947636538761e-06,0.0,0.0,0.0,0.0,0.0,0.0,6.0
-0.7335,6.999235856796821,0.00021880022388554837,0.9996648502300653,0.0002616608633958396,-5.774139021334691e-05,1.1053675234275417e-05,-1.687056971956801e-06,0.0,0.0,0.0,0.0,0.0,0.0,6.0
-0.7305,6.9991323035188096,0.0002484100997406314,0.9996208451197298,0.000292615853979413,-6.346089325130987e-05,1.2026026086510352e-05,-1.8370232613689876e-06,0.0,0.0,0.0,0.0,0.0,0.0,6.0
-0.7275,6.999010409105265,0.00028148543149401347,0.999572572440911,0.00032685228424868013,-7.033204390775447e-05,1.3043191057420146e-05,-1.8844243104376128e-06,0.0,0.0,0.0,0.0,0.0,0.0,6.0
-0.7245,6.998872332440887,0.00031828929935073764,0.9995190928695193,0.0003649345717542264,-7.808444193021156e-05,1.4077357255260154e-05,-1.8740902691125088e-06,0.0,0.0,0.0,0.0,0.0,0.0,6.0
-0.7215,6.998736721113935,0.00035939072059845126,0.9994571130275716,0.0004066760972927974,-8.459051438644804e-05,1.5169173634655307e-05,-2.1551137604017086e-06,0.0,0.0,0.0,0.0,0.0,0.0,6.0
-0.7185,6.998575337911254,0.00040536299210491974,0.9993896703476415,0.0004520312618471258,-9.27070262027664e-05,1.634701628763365e-05,-2.2687514044214735e-06,0.0,0.0,0.0,0.0,0.0,0.0,6.0
-0.7155,6.998395413333761,0.0004566372002716717,0.9993149566053672,0.0005015009566611137,-0.00010151182378506386,1.75918889833032e-05,-2.3698202388260355e-06,0.0,0.0,0.0,0.0,0.0,0.0,6.0
-0.7125,6.998195106550406,0.0005137181175295665,0.9992323188142859,0.0005554296349249612,-0.00011103312023069738,1.8897868103514894e-05,-2.4578885138961163e-06,0.0,0.0,0.0,0.0,0.0,0.0,6.0
-0.7095,6.997972245027724,0.0005771117116847033,0.9991410342022511,0.0006142283727011047,-0.00012127319231644882,2.025323134931778e-05,-2.5365363262550717e-06,0.0,0.0,0.0,0.0,0.0,0.0,6.0
-0.7065,6.997724409761693,0.0006473341692134261,0.9990403035480564,0.0006783379100149157,-0.00013221696579133072,2.164451240238342e-05,-2.611001986177764e-06,0.0,0.0,0.0,0.0,0.0,0.0,6.0
-0.7035,6.997449068019429,0.0007249333726668354,0.9989292579660104,0.0007481817682477578,-0.00014385152582360025,2.3061094958484487e-05,-2.68421622373123e-06,0.0,0.0,0.0,0.0,0.0,0.0,6.0
-0.7005,6.997143661938676,0.0008105071835453327,0.9988069718603205,0.0008241442843495173,-0.0001561799223721714,2.4496718862342185e-05,-2.754654794747505e-06,0.0,0.0,0.0,0.0,0.0,0.0,6.0
-0.6975,6.996805613846598,0.0009047126795969808,0.9986724751130881,0.0009065791310245651,-0.00016922215731937312,2.594765498203776e-05,-2.8170976894941477e-06,0.0,0.0,0.0,0.0,0.0,0.0,6.0
-0.6945,6.996432271722011,0.0010082698720491798,0.9985247604502553,0.0009958292886312373,-0.00018300641233408543,2.7410047324275365e-05,-2.865113363169814e-06,0.0,0.0,0.0,0.0,0.0,0.0,6.0
-0.6915,6.996020835006051,0.0011219637121096797,0.9983627851585205,0.0010922390820628915,-0.00019755738335882576,2.8878802644772438e-05,-2.8934904224160305e-06,0.0,0.0,0.0,0.0,0.0,0.0,6.0
-0.6885,6.995568292758728,0.0012466438303301718,0.9981854687894455,0.001196153853339607,-0.00021288762907918621,3.0348399849702578e-05,-2.899440898797989e-06,0.0,0.0,0.0,0.0,0.0,0.0,6.0
-0.6855,6.995071396111996,0.0013832192242291084,0.9979916896113066,0.00130791600839755,-0.00022899547744636344,3.1814164493651106e-05,-2.8822189687444843e-06,0.0,0.0,0.0,0.0,0.0,0.0,6.0
-0.6825,6.994526674787393,0.001532647073334104,0.9977802817167404,0.001427868458522917,-0.00024587015915249514,3.327217725304737e-05,-2.841431549195969e-06,0.0,0.0,0.0,0.0,0.0,0.0,6.0
-0.6795,6.993930489198016,0.0016959187549315008,0.9975500324593567,0.0015563695478572953,-0.00026350165609381575,3.471697308319105e-05,-2.774722663719008e-06,0.0,0.0,0.0,0.0,0.0,0.0,6.0
-0.6765,6.993279092630776,0.001874048661341045,0.997299678133695,0.0016938146301447798,-0.00028189043868477397,3.613759031289232e-05,-2.6756553629178306e-06,0.0,0.0,0.0,0.0,0.0,0.0,6.0
-0.6735,6.992568670314194,0.002068071317385091,0.9970278959400355,0.0018406535339527974,-0.0003010517075285166,3.7513532593565534e-05,-2.5325619623074005e-06,0.0,0.0,0.0,0.0,0.0,0.0,6.0
-0.6705,6.991795298819953,0.0022790497316846716,0.9967332947128376,0.0019973943944795237,-0.00032101002103652906,3.8811835076125706e-05,-2.3293620062196824e-06,0.0,0.0,0.0,0.0,0.0,0.0,6.0
-0.6675,6.9910905021430425,0.002510312098398297,0.9963908581729555,0.0021312603306346853,-0.00033805761366704703,4.285249698126683e-05,-2.1659715044162164e-06,0.0,0.0,0.0,0.0,0.0,0.0,6.0
-0.6645,6.990656741743725,0.0026198084638308604,0.9962060593288147,0.0023108892407650273,-0.0003904879208914127,4.346162908889686e-05,6.151768695922955e-07,0.0,0.0,0.0,0.0,0.0,0.0,6.0
-0.6615,6.989084010938188,0.003009911556965822,0.9957136293460979,0.0025446598217604317,-0.00039102693280547093,4.2881438643819426e-05,-8.547179627347907e-07,-5.085305468932779e-07,3.599631939740047e-07,0.0,0.0,0.0,0.0,8.0
-0.6585,6.988029661066704,0.0033007633133166846,0.9953114144365606,0.0027430346582698706,-0.0004145942083393986,4.468469189896171e-05,-3.678155693208633e-07,-7.293117094644923e-07,3.418247186587502e-07,0.0,0.0,0.0,0.0,8.0
-0.6555,6.986885116659857,0.0036147858763789357,0.9948787438029806,0.0029537977994255967,-0.00043881602375832335,4.615602107357848e-05,1.664605760874229e-07,-9.338756871380356e-07,3.2947835982087126e-07,0.0,0.0,0.0,0.0,8.0
-0.6525,6.985645549318013,0.003953428655294006,0.9944138177279094,0.003177042683945032,-0.0004635595179242822,4.728620020775085e-05,7.601045308088747e-07,-1.1230581459284919e-06,3.196729819825412e-07,0.0,0.0,0.0,0.0,8.0
-0.6495,6.984306021863469,0.004318129425069833,0.9939148717385119,0.003412792853765098,-0.0004886784431420666,4.806992097546592e-05,1.4185992099931707e-06,-1.2977245094209715e-06,3.1029693448402635e-07,0.0,0.0,0.0,0.0,8.0
-0.6465,6.982861494883203,0.004710305967899834,0.9933802027720695,0.0036609874382239156,-0.0005140327246112295,4.851116218531978e-05,2.1433099234000723e-06,-1.4592725014771962e-06,3.0013751391286754e-07,0.0,0.0,0.0,0.0,8.0
-0.6435,6.981306848910387,0.005131356530603113,0.9928081679291642,0.0039214834384315,-0.0005394895466597443,4.862424508121736e-05,2.931710483400442e-06,-1.6097703230725713e-06,2.8885033306843374e-07,0.0,0.0,0.0,0.0,8.0
-0.6405,6.979636835375253,0.005582672317381095,0.9921971738411176,0.004194055758338599,-0.0005649177023811695,4.8433118590488126e-05,3.777275393367902e-06,-1.7518947159303678e-06,2.769092955412085e-07,0.0,0.0,0.0,0.0,8.0
-0.6375,6.977845990688511,0.006065656028169075,0.9915456661287575,0.004478388708062699,-0.0005901796703397169,4.7970706569843544e-05,4.669230337233e-06,-1.8888266872619703e-06,2.655488347839399e-07,0.0,0.0,0.0,0.0,8.0
-0.6345,6.975928580736949,0.006581732758916782,0.9908521279288822,0.004774070850038678,-0.00061512897241978,4.7277958364099845e-05,5.593011655304139e-06,-2.024125223899632e-06,2.5662587817349947e-07,0.0,0.0,0.0,0.0,8.0
-0.6315,6.973878659590412,0.007132338754512362,0.9901150895874461,0.005080618740407368,-0.0006396199857869127,4.639988717366799e-05,6.532801421641056e-06,-2.1614221100713423e-06,2.5223302700578264e-07,0.0,0.0,0.0,0.0,8.0
-0.6285,6.9716902860699745,0.007718883927671117,0.9893331420580959,0.005397547384096099,-0.000663530703895275,4.537604120145114e-05,7.476773331166433e-06,-2.3037617790497753e-06,2.53958966709484e-07,0.0,0.0,0.0,0.0,8.0
-0.6255,6.9693578326813235,0.008342703720245544,0.9885049410626086,0.005724469783511146,-0.0006867873409937881,4.4227085337643346e-05,8.423344719462264e-06,-2.452680747946511e-06,2.619969128982655e-07,0.0,0.0,0.0,0.0,8.0
-0.6225,6.966876205014538,0.009005032077549642,0.98762919344447,0.006061166062446483,-0.000709371411254716,4.294504269336101e-05,9.384312880278081e-06,-2.6075294410820533e-06,2.746522688247328e-07,0.0,0.0,0.0,0.0,8.0
-0.6195,6.9642407861244795,0.00970702191032643,0.9867046306899484,0.006407557708946251,-0.0007312958692631587,4.149614039146968e-05,1.038111824994968e-05,-2.7656563689850067e-06,2.8878862062397445e-07,0.0,0.0,0.0,0.0,8.0
-0.6165,6.9614470944812545,0.010449807024603361,0.9857299877726834,0.006763579838976409,-0.0007525586215374387,3.98379501028733e-05,1.143489674738653e-05,-2.9235901315845253e-06,3.011652134379997e-07,0.0,0.0,0.0,0.0,8.0
-0.6135,6.958490385340549,0.011234562694794205,0.9847040056444549,0.007129027988897025,-0.0007731030704021176,3.794094892982444e-05,1.2556420753152305e-05,-3.0785517810146854e-06,3.098520498871014e-07,0.0,0.0,0.0,0.0,8.0
-0.6105,6.955365268993129,0.01206251656978445,0.9836254910242272,0.0075034896827717735,-0.0007928384394373027,3.5799538918251456e-05,1.3747045703341836e-05,-3.2292444946829425e-06,3.1424650651119235e-07,0.0,0.0,0.0,0.0,8.0
-0.6075,6.95210339360457,0.012935295199539697,0.9824883658089516,0.007885181190284654,-0.0008078249809520948,3.3583512551195056e-05,1.4388748360560013e-05,-3.3842793135479195e-06,3.89059165772896e-07,0.0,0.0,0.0,0.0,8.0
-0.6045,6.948588166962296,0.013853705165959998,0.9813064819314591,0.008274652815180026,-0.0008292680294137338,3.112319175726668e-05,1.6267078707226722e-05,-3.5358217074548895e-06,3.180841524797619e-07,0.0,0.0,0.0,0.0,8.0
-0.6015,6.944894823713141,0.01481811639526506,0.9800681308563876,0.008673527738954686,-0.00084892590404054,2.82146450884113e-05,1.8091601900777893e-05,-3.6672059843567727e-06,2.5693091725370003e-07,0.0,0.0,0.0,0.0,8.0
-0.5985,6.9410427135348165,0.015829925017630943,0.9787691625120463,0.00908001871248206,-0.0008643281375570363,2.5019026656910964e-05,1.9487865234840296e-05,-3.786516856594758e-06,2.5008101567508224e-07,0.0,0.0,0.0,0.0,8.0
-0.5955,6.93700121180164,0.016890412682987264,0.9774122768993434,0.009492456222504952,-0.0008780978874005029,2.165258625571626e-05,2.088199467663155e-05,-3.900725913904623e-06,2.456183451793667e-07,0.0,0.0,0.0,0.0,8.0
-0.5925,6.932764385049782,0.018000483604430163,0.975997023054933,0.009910107488933563,-0.0008903670061338307,1.8133847786695024e-05,2.230269794236687e-05,-4.009665433890696e-06,2.3974041780401085e-07,0.0,0.0,0.0,0.0,8.0
-0.5895,6.928328301993227,0.01916095877944809,0.9745227947337446,0.010332280612486049,-0.0009010857060282025,1.4476644829892473e-05,2.3748521828693985e-05,-4.112760656024241e-06,2.322995842832155e-07,0.0,0.0,0.0,0.0,8.0
-0.5865,6.923689385783482,0.02037259969182854,0.9729890631186441,0.010758256888174103,-0.0009102062352243563,1.0697330418116232e-05,2.5217429647330903e-05,-4.209566142519108e-06,2.2320822479298244e-07,0.0,0.0,0.0,0.0,8.0
-0.5835,6.918844390044775,0.021636114794454944,0.971395391492132,0.011187281967561354,-0.000917694921324183,6.8160069118954026e-06,2.6708721600154063e-05,-4.299859314423487e-06,2.1220830584039865e-07,0.0,0.0,0.0,0.0,8.0
-0.5805,6.913790389766789,0.022952158005746067,0.969741440475268,0.01161857583839961,-0.000923532918111596,2.855307374185304e-06,2.8222803051593016e-05,-4.383565753018493e-06,1.9892027376388038e-07,0.0,0.0,0.0,0.0,8.0
-0.5775,6.908524733835416,0.024321319612944727,0.9680269693071389,0.012051356467359161,-0.0009277116488892333,-1.1625032416505856e-06,2.9759951187729913e-05,-4.460573401153623e-06,1.830206702623149e-07,0.0,0.0,0.0,0.0,8.0
-0.5745,6.903044995760516,0.02574411532290235,0.9662518328954927,0.01248486331649226,-0.0009302265088248418,-5.218190077671747e-06,3.131898676323883e-05,-4.530567814160772e-06,1.644204028198432e-07,0.0,0.0,0.0,0.0,8.0
-0.5715,6.897348956154008,0.027220979652697555,0.9644159763815259,0.012918368720009024,-0.0009310728343601207,-9.296425881466566e-06,3.289669603027042e-05,-4.592992242130451e-06,1.4333116910528562e-07,0.0,0.0,0.0,0.0,8.0
-0.5685,6.891434622007662,0.028752265822520117,0.9625194295329828,0.013351174914507566,-0.0009302457762734874,-1.3384723410083687e-05,3.448821311919738e-05,-4.647140145595515e-06,1.2019836870430756e-07,0.0,0.0,0.0,0.0,8.0
-0.5655,6.885300263561674,0.03033825009677357,0.9605623023792704,0.01378260298859475,-0.0009277429950441769,-1.7471381734940668e-05,3.608797540976151e-05,-4.692311909101736e-06,9.555949307686511e-08,0.0,0.0,0.0,0.0,8.0
-0.5625,6.878944445364484,0.03197913708940522,0.9585447822975336,0.014211981981453996,-0.0009235680134267686,-2.1543612958288967e-05,3.769069429943102e-05,-4.727954711480838e-06,6.990681347776123e-08,0.0,0.0,0.0,0.0,8.0
-0.5595,6.872366039375735,0.0336750637306303,0.9564671321182894,0.014638643208817059,-0.0009177326446755305,-2.5586548337148076e-05,3.9291979080958804e-05,-4.753737481068082e-06,4.3603730323424256e-08,0.0,0.0,0.0,0.0,8.0
-0.5565,6.865564221367935,0.035426101514733487,0.9543296887949915,0.015061920693882368,-0.0009102580614566292,-2.95832318995039e-05,4.088854059225397e-05,-4.769554017116924e-06,1.6863374925880578e-08,0.0,0.0,0.0,0.0,8.0
-0.5535,6.858538460403669,0.03723225782664923,0.9521328621177436,0.015481155977736218,-0.0009011746555343408,-3.3515333323294144e-05,4.2478057871219626e-05,-4.775474063391001e-06,-1.0224531549306306e-08,0.0,0.0,0.0,0.0,8.0
-0.5505,6.851288366960659,0.03909347609058054,0.9498771520712381,0.015895708585229273,-0.0008905351914591403,-3.736466400630103e-05,4.406108861965937e-05,-4.771643689680831e-06,-3.7901778999891894e-08,0.0,0.0,0.0,0.0,8.0
-0.5475,6.843819465622952,0.04100969431572636,0.9475623913258767,0.016304795037551698,-0.0008778599728951915,-4.109027726779818e-05,4.5554970094578904e-05,-4.759331677351752e-06,-5.663754707761201e-08,0.0,0.0,0.0,0.0,8.0
-0.5445,6.8361163153779545,0.04298068863719854,0.9451912642880568,0.016707965654714888,-0.0008646933090060387,-4.4707125066462765e-05,4.718687640935267e-05,-4.737797657630939e-06,-9.310792407376682e-08,0.0,0.0,0.0,0.0,8.0
-0.5415,6.82818916098618,0.04500610423100629,0.9427631832082499,0.0171050103389749,-0.0008501809135036106,-4.8230319776331456e-05,4.8817315343147865e-05,-4.704841650420988e-06,-1.3117054111893524e-07,0.0,0.0,0.0,0.0,8.0
-0.5385,6.820043513266791,0.04708569162639168,0.9402782582455256,0.017495288872923617,-0.0008339446590529097,-5.162990186186226e-05,5.037888035009794e-05,-4.661330429894987e-06,-1.6312675645367563e-07,0.0,0.0,0.0,0.0,8.0
-0.5355,6.811678116516871,0.04921917046124154,0.9377375809122198,0.017878128968065263,-0.0008162699179068401,-5.4878214924297596e-05,5.190414145882661e-05,-4.6084988761243425e-06,-1.9287252000181513e-07,0.0,0.0,0.0,0.0,8.0
-0.5325,6.8030931829169115,0.051406170469029025,0.9351421408711603,0.01825300409390412,-0.000797326069094683,-5.796071615025826e-05,5.340716024381344e-05,-4.5468120842244955e-06,-2.2211398347936338e-07,0.0,0.0,0.0,0.0,8.0
-0.5295,6.79428994586172,0.05364625952448978,0.9324928709510021,0.01861945973091005,-0.0007772057014361068,-6.086770071166501e-05,5.48898039681214e-05,-4.476491059425026e-06,-2.511244508085849e-07,0.0,0.0,0.0,0.0,8.0
-0.5265,6.7852700035544995,0.05593895630084441,0.9297907260716857,0.018977081820339955,-0.0007559861106894979,-6.359140659657933e-05,5.63513264432876e-05,-4.397721822758923e-06,-2.798660136599221e-07,0.0,0.0,0.0,0.0,8.0
-0.5235,6.776035159354258,0.058283734653139914,0.9270366987814462,0.019325490263442085,-0.0007337434989172886,-6.61254689845636e-05,5.779063868037691e-05,-4.3106926319268405e-06,-3.0825499386285095e-07,0.0,0.0,0.0,0.0,8.0
-0.5205,6.76658739199384,0.060680026584736375,0.9242318183224054,0.019664337531004415,-0.0007105546945387517,-6.846482013048933e-05,5.920663884578095e-05,-4.215597834299078e-06,-3.362010935145677e-07,0.0,0.0,0.0,0.0,8.0
-0.5175,6.75692884518342,0.06312722511048857,0.9213771475160464,0.019993308102394754,-0.0006864969800768112,-7.060565590719834e-05,6.059824107355507e-05,-4.112638854549337e-06,-3.636124118783441e-07,0.0,0.0,0.0,0.0,8.0
-0.5145,6.747061819143815,0.0656246870971517,0.918473779619056,0.020312118077972396,-0.0006616476854882889,-7.254540408976738e-05,6.196436591752056e-05,-4.002027239510407e-06,-3.9039714494190547e-07,0.0,0.0,0.0,0.0,8.0
-0.5115,6.736988762059635,0.06817173602641526,0.9155228353043792,0.020620514781408427,-0.0006360837528368533,-7.428267867183423e-05,6.330392695666248e-05,-3.88398976324558e-06,-4.1646557124825323e-07,0.0,0.0,0.0,0.0,8.0
-0.5085,6.726712261346575,0.0707676646464206,0.912525459727651,0.020918276230509774,-0.0006098813244159681,-7.581721742030608e-05,6.461582098898371e-05,-3.7587741670135685e-06,-4.417324184431332e-07,0.0,0.0,0.0,0.0,8.0
-0.5055,6.716235034863105,0.07341173750486005,0.9094828196598146,0.0212052104061683,-0.0005831153894028274,-7.714980516037029e-05,6.589892557596785e-05,-3.6266538056963216e-06,-4.661192405155337e-07,0.0,0.0,0.0,0.0,8.0
-0.5025,6.7055599222102895,0.07610319336939576,0.9063961006955524,0.02148115431370463,-0.0005558595059369677,-7.828218689307784e-05,6.715210549850038e-05,-3.487929835285132e-06,-4.89556391229356e-07,0.0,0.0,0.0,0.0,8.0
-0.49950000000000006,6.6946898762114495,0.07884124753904674,0.9032665045596379,0.021745972890201228,-0.0005281855927336145,-7.921697497518892e-05,6.837422712540548e-05,-3.3429302671013598e-06,-5.119842229241957e-07,0.0,0.0,0.0,0.0,8.0
-0.49649999999999994,6.68362795457604,0.0816250940408474,0.9000952465324772,0.02199955784592534,-0.0005001637687334981,-7.99575544254013e-05,6.956417762378946e-05,-3.192005980358654e-06,-5.333532614209558e-07,0.0,0.0,0.0,0.0,8.0
-0.49350000000000005,6.672377312717582,0.0844539077070152,0.8968835528738411,0.02224182650481984,-0.0004718621251917278,-8.050798678457368e-05,7.072087123444337e-05,-3.035524634440756e-06,-5.536217867675189e-07,0.0,0.0,0.0,0.0,8.0
-0.49049999999999994,6.660941163159934,0.08732684583119683,0.8936326626639323,0.022472721516259102,-0.00044334941284562065,-8.087303595200825e-05,7.184368273108415e-05,-2.87385860752268e-06,-5.728000144132348e-07,0.0,0.0,0.0,0.0,8.0
-0.48750000000000004,6.649323372508719,0.09024305546008037,0.8903437488931526,0.02269219498700725,-0.0004146435719830397,-8.10557765028641e-05,7.292497759017727e-05,-2.707464707558616e-06,-5.901199799703812e-07,0.0,0.0,0.0,0.0,8.0
-0.48449999999999993,6.637526093522644,0.09320166335744275,0.8870182158040333,0.022900239758694135,-0.00038591010703401283,-8.106391084685509e-05,7.397877556804252e-05,-2.536696981777747e-06,-6.071974664646856e-07,0.0,0.0,0.0,0.0,8.0
-0.48150000000000004,6.625552985789045,0.09620177104796092,0.8836572877683124,0.023096903854952014,-0.0003571925576766995,-8.090705805889766e-05,7.5002149553211e-05,-2.3617129890116613e-06,-6.237749230772789e-07,0.0,0.0,0.0,0.0,8.0
-0.4784999999999999,6.613408313673068,0.09924248047123209,0.8802621179097089,0.023282227216812928,-0.0003284862974408425,-8.059127245147898e-05,7.598571683395462e-05,-2.18284241475381e-06,-6.388825442195557e-07,0.0,0.0,0.0,0.0,8.0
-0.47550000000000003,6.601095876913945,0.10232289478364437,0.8768339231906281,0.023456242115146214,-0.00029982751614983177,-8.012067427949545e-05,7.692627280212559e-05,-2.000572976454277e-06,-6.522206128241456e-07,0.0,0.0,0.0,0.0,8.0
-0.4724999999999999,6.588619216107756,0.10544211025115766,0.8733739574542776,0.023618997365939105,-0.00027127555934458066,-7.949973415026958e-05,7.782421372604383e-05,-1.815411132230472e-06,-6.638718629814986e-07,0.0,0.0,0.0,0.0,8.0
-0.46950000000000003,6.575981895500512,0.10859921477510075,0.8698834728296924,0.02377056573451463,-0.0002428887467213231,-7.873359665849791e-05,7.868006591925631e-05,-1.627847947764243e-06,-6.739215730701135e-07,0.0,0.0,0.0,0.0,8.0
-0.4664999999999999,6.563187558024747,0.11179329012408687,0.8663637097382991,0.02391104161426871,-0.00021471949066099747,-7.782771131359282e-05,7.949377971722517e-05,-1.438378955875305e-06,-6.823816496427822e-07,0.0,0.0,0.0,0.0,8.0
-0.4635,6.550239898589086,0.11502341437042658,0.8628158974010389,0.024040538330976153,-0.00018681632482392437,-7.678755683736506e-05,8.026500676760985e-05,-1.2475229922343656e-06,-6.892211816535293e-07,0.0,0.0,0.0,0.0,8.0
-0.4604999999999999,6.53714263853718,0.1182886639081663,0.8592412541160952,0.024159186998819,-0.00015922575401175248,-7.561853288101843e-05,8.099335504649049e-05,-1.0558296855633626e-06,-6.943937189020014e-07,0.0,0.0,0.0,0.0,8.0
-0.4575,6.523899510934644,0.12158811533810703,0.8556409858693954,0.024267136366323293,-0.00013199306175966434,-7.432594972297687e-05,8.167850709102457e-05,-8.638785779733355e-07,-6.978494959170311e-07,0.0,0.0,0.0,0.0,8.0
-0.4544999999999999,6.510514250585967,0.12492084747818254,0.8520162839224237,0.02436455310125787,-0.00010516254963096487,-7.291507999289142e-05,8.232027522993078e-05,-6.722722112369512e-07,-6.995412690265772e-07,0.0,0.0,0.0,0.0,8.0
-0.4515,6.496990584743418,0.1282859436372531,0.8483683218159692,0.024451622234049293,-7.877750384795893e-05,-7.139126524256826e-05,8.291864009525963e-05,-4.816238530998925e-07,-6.994293187265181e-07,0.0,0.0,0.0,0.0,8.0
-0.4484999999999999,6.483332223011195,0.1316824942212414,0.8446982519579047,0.024528547584454462,-5.287997146576771e-05,-6.976007743849395e-05,8.34737866279452e-05,-2.925400035850676e-07,-6.974875592962777e-07,0.0,0.0,0.0,0.0,8.0
-0.4455,6.469542846019673,0.13510959969222375,0.8410072018948239,0.024595552002521098,-2.75103486907246e-05,-6.802753182466535e-05,8.398613837123429e-05,-1.0559801066320631e-07,-6.937110692671764e-07,0.0,0.0,0.0,0.0,8.0
-0.4424999999999999,6.45562609285831,0.13856637384825168,0.8372962704030595,0.024652877231870575,-2.706771475821078e-06,-6.620033920398739e-05,8.445638617266476e-05,7.868030538879479e-08,-6.881246250552678e-07,0.0,0.0,0.0,0.0,8.0
-0.4395,6.441585547514281,0.14205194732768986,0.833566523606367,0.024700783181817784,2.1495688494830118e-05,-6.428617515394609e-05,8.488550557375862e-05,2.598573304957628e-07,-6.807913626765168e-07,0.0,0.0,0.0,0.0,8.0
-0.4365000000000001,6.427424724812746,0.14556547116986676,0.8298189914062652,0.024739546390326245,4.506599473049645e-05,-6.229393305812875e-05,8.527475655087856e-05,4.3760808571703795e-07,-6.718203636771188e-07,0.0,0.0,0.0,0.0,8.0
-0.4335,6.413147056796002,0.14910612019382039,0.8260546645550275,0.02476945747976538,6.797823975590203e-05,-6.0233918824882834e-05,8.562565776883645e-05,6.117450804239773e-07,-6.613715792915354e-07,0.0,0.0,0.0,0.0,8.0
-0.4305000000000001,6.3987558772210535,0.15267309586877062,0.8222744931672146,0.024790817539198696,9.021253092890247e-05,-5.811795254779607e-05,8.593996378605515e-05,7.822362000995159e-07,-6.496600719264069e-07,0.0,0.0,0.0,0.0,8.0
-0.4275,6.384254442810372,0.15626562865075047,0.818479382491425,0.024803932659806464,0.00011175825449119592,-5.595921489664869e-05,8.621928184024221e-05,9.492084650451621e-07,-6.369214157387502e-07,0.0,0.0,0.0,0.0,8.0
-0.4245000000000001,6.369645842314483,0.159882978716687,0.8146702045089801,0.02480910855375334,0.00013260888244266068,-5.37721847243105e-05,8.646575232050821e-05,1.112943142711162e-06,-6.234829663699808e-07,0.0,0.0,0.0,0.0,8.0
-0.4215,6.354933034008391,0.16352443453032428,0.8108477965398662,0.024806645965253577,0.00015276512674794297,-5.157237355510797e-05,8.66815688779029e-05,1.2738638650434402e-06,-6.09713141196766e-07,0.0,0.0,0.0,0.0,8.0
-0.4185000000000001,6.340118922042,0.16718931125151557,0.8070129575344221,0.024796832457478123,0.00017224007541856345,-4.9375524890251584e-05,8.686816369691945e-05,1.4324937175726407e-06,-5.959336189143369e-07,0.0,0.0,0.0,0.0,8.0
-0.4155,6.325206352502866,0.17087694818832416,0.8031664567086588,0.02477993283179318,0.0001910577107143087,-4.719666700862889e-05,8.702619127926927e-05,1.5893933188912388e-06,-5.824093901302472e-07,0.0,0.0,0.0,0.0,8.0
-0.4125000000000001,6.310198081839284,0.17458670394266781,0.7993090478475124,0.024756182169107133,0.00020924853511180232,-4.504933264199738e-05,8.715583863515592e-05,1.7451007909800418e-06,-5.693687111691918e-07,0.0,0.0,0.0,0.0,8.0
-0.4095,6.29509677809618,0.17831794960771752,0.7954414810682567,0.024725782016838185,0.00022684669852011027,-4.294492059360598e-05,8.72569131460379e-05,1.9000782427192424e-06,-5.56998817524998e-07,0.0,0.0,0.0,0.0,8.0
-0.4065000000000001,6.279905052271348,0.18207006112032006,0.791564511384887,0.02468889871780322,0.00024388859592713443,-4.089213986437463e-05,8.73287417261578e-05,2.0546637460144305e-06,-5.454226474800362e-07,0.0,0.0,0.0,0.0,8.0
-0.40349999999999997,6.264625496865165,0.1858424115892382,0.7876789059340639,0.02464566351842116,0.00026041154914844346,-3.889658037008463e-05,8.737008880513092e-05,2.2090317591426434e-06,-5.346789269438367e-07,0.0,0.0,0.0,0.0,8.0
-0.4005000000000001,6.24926071986633,0.18963436408431625,0.7837854504404049,0.024596174693697247,0.00027645203935235303,-3.696049331787957e-05,8.737918391593023e-05,2.3631672984560322e-06,-5.247157007623541e-07,0.0,0.0,0.0,0.0,8.0
-0.39749999999999996,6.233813372890894,0.1934452652540992,0.7798849543538703,0.024540501857625522,0.00029204370162324276,-3.508283180429417e-05,8.735384597967111e-05,2.516857522113611e-06,-5.153965883087874e-07,0.0,0.0,0.0,0.0,8.0
-0.3945000000000001,6.218286174817393,0.1972744400942379,0.7759782539831592,0.024478692277355694,0.0003072154324000346,-3.325955143788783e-05,8.72916650617865e-05,2.6697012023951277e-06,-5.065160152988693e-07,0.0,0.0,0.0,0.0,8.0
-0.39149999999999996,6.202681931509363,0.20112118811004373,0.7720662132963422,0.024410778718038834,0.00032198983765537736,-3.148413078798567e-05,8.71902097953695e-05,2.8211337681066453e-06,-4.978200201042421e-07,0.0,0.0,0.0,0.0,8.0
-0.38850000000000007,6.187003551435381,0.2049847810081287,0.7681497223955573,0.024336788199363503,0.0003363821228586112,-2.974824799608765e-05,8.704723805003512e-05,2.970463846494413e-06,-4.890298558937239e-07,0.0,0.0,0.0,0.0,8.0
-0.38549999999999995,6.171254056791549,0.20886446195753694,0.7642296938722172,0.024256751012515294,0.0003503994561265676,-2.804254106669054e-05,8.686089326019311e-05,3.1169165528222404e-06,-4.798659398464227e-07,0.0,0.0,0.0,0.0,8.0
-0.38250000000000006,6.155436589706843,0.2127594464138212,0.7603070573355487,0.024170709374075058,0.0003640408100563831,-2.6357381491605726e-05,8.662987116590379e-05,3.259678960568214e-06,-4.700699596186611e-07,0.0,0.0,0.0,0.0,8.0
-0.37949999999999995,6.139554412915237,0.2166689245098995,0.75638275242857,0.024078725133933526,0.00037729728696052117,-2.4683599141569115e-05,8.635354319316042e-05,3.3979438993293813e-06,-4.5942325490366157e-07,0.0,0.0,0.0,0.0,8.0
-0.37650000000000006,6.123610903822915,0.22059206506900944,0.7524577206481806,0.023980885976882044,0.0003901529428043965,-2.3013105795766812e-05,8.603202368469517e-05,3.530949088576328e-06,-4.477599084953486e-07,0.0,0.0,0.0,0.0,8.0
-0.37349999999999994,6.107609540346476,0.22452802134585448,0.7485328963106426,0.023877309562180465,0.000402586132588396,-2.13393723748153e-05,8.566616921424284e-05,3.6580093460912286e-06,-4.349732792494815e-07,0.0,0.0,0.0,0.0,8.0
-0.37050000000000005,6.091553876472158,0.22847593858721152,0.7446091970950013,0.023768145079451148,0.0004145713770824379,-1.9657722892786767e-05,8.52575021409512e-05,3.778540204490387e-06,-4.210152113344559e-07,0.0,0.0,0.0,0.0,8.0
-0.36749999999999994,6.075447506770039,0.23243496335750805,0.7406875146323951,0.02365357183491774,0.00042608174232795716,-1.7965420488963227e-05,8.480805272633871e-05,3.892071969218365e-06,-4.0588742675094534e-07,0.0,0.0,0.0,0.0,8.0
-0.36450000000000005,6.059294018461971,0.23640425422521186,0.7367687060306588,0.023533794860068086,0.0004370914769937131,-1.6261555532154128e-05,8.432014655607375e-05,3.998254676662534e-06,-3.896276734489129e-07,0.0,0.0,0.0,0.0,8.0
-0.36149999999999993,6.043096934410252,0.24038299284870923,0.7328535871407096,0.023409038213699194,0.00044757859419411493,-1.4546800276157225e-05,8.37961773702925e-05,4.096856963237955e-06,-3.722944864111797e-07,0.0,0.0,0.0,0.0,8.0
-0.35850000000000004,6.026859657550078,0.24437039393976753,0.7289429279705845,0.023279537374476966,0.00045752711790687784,-1.2823150108915241e-05,8.32384105267173e-05,4.187764503156307e-06,-3.539549692500052e-07,0.0,0.0,0.0,0.0,8.0
-0.3554999999999999,6.0105854292829655,0.24836571222167078,0.7250374505883576,0.023145532692622865,0.0004669285586331238,-1.1093817348210952e-05,8.26488891084741e-05,4.270985498640402e-06,-3.346824878919666e-07,0.0,0.0,0.0,0.0,8.0
-0.35250000000000004,5.994277312448437,0.25236824459405743,0.7211378297275277,0.02300726598236373,0.0004757821362711963,-9.36344530367747e-06,8.202952106604006e-05,4.346670224826229e-06,-3.145715038478423e-07,0.0,0.0,0.0,0.0,8.0
-0.3494999999999999,5.977938205980187,0.25637732658648404,0.7172446956939822,0.02286498147664561,0.00048409364863698587,-7.638713972239671e-06,8.13823670057005e-05,4.415146549515621e-06,-2.937707744770732e-07,0.0,0.0,0.0,0.0,8.0
-0.34650000000000003,5.961570890752309,0.26039232388524114,0.7133586385022571,0.02271893030871136,0.0004918735340465765,-5.92919934584289e-06,8.071004083347387e-05,4.4769630240027285e-06,-2.725254716624844e-07,0.0,0.0,0.0,0.0,8.0
-0.3434999999999999,5.945178093326865,0.2644126217436772,0.7094802121220322,0.022569375019209408,0.0004991351972041269,-4.2480918967453385e-06,8.001603448047672e-05,4.532918858264582e-06,-2.5120880337165416e-07,0.0,0.0,0.0,0.0,8.0
-0.3405,5.928762541723892,0.26843761641076985,0.7056099385034565,0.02241658869207139,0.0005058947377141879,-2.612213185045393e-06,7.930474074257668e-05,4.58405271433232e-06,-2.303202002768024e-07,0.0,0.0,0.0,0.0,8.0
-0.3374999999999999,5.912326984171554,0.2724667122553201,0.70174831231481,0.022260843762065313,0.0005121726955988242,-1.0408409785805372e-06,7.858101607460147e-05,4.631567089564111e-06,-2.1043423929415512e-07,0.0,0.0,0.0,0.0,8.0
-0.3345,5.895874154313587,0.2764993256062903,0.6978958083709343,0.022102389077702258,0.0005179974039819377,4.4677101362469875e-07,7.784930084863669e-05,4.676685037676865e-06,-1.9210248003886275e-07,0.0,0.0,0.0,0.0,8.0
-0.3314999999999999,5.87940669211466,0.2805348923263321,0.6940528938150078,0.021941419518847677,0.000523408423240424,1.8347130916035406e-06,7.71125388930756e-05,4.720465511822201e-06,-1.757332366490068e-07,0.0,0.0,0.0,0.0,8.0
-0.3285,5.862927056484107,0.28457287286248356,0.6902200458370962,0.02177804765798279,0.0005284579534581134,3.113600627207324e-06,7.637129712476546e-05,4.76362881938497e-06,-1.6149048754850343e-07,0.0,0.0,0.0,0.0,8.0
-0.3254999999999999,5.846437476962441,0.2886127482530939,0.6863977733777875,0.021612288371810104,0.0005332085922974835,4.282507611498426e-06,7.562346876757648e-05,4.80644891722713e-06,-1.4925154116130535e-07,0.0,0.0,0.0,0.0,8.0
-0.3225,5.829939977577929,0.2926540041799553,0.6825866389435131,0.021444063304869834,0.0005377272908102046,5.348949131201808e-06,7.486472358059283e-05,4.848747604965834e-06,-1.3864115270930062e-07,0.0,0.0,0.0,0.0,8.0
-0.3194999999999999,5.8134364714831746,0.2966961060369865,0.6787872756880083,0.02127322421174308,0.0005420771411347773,6.326987444191822e-06,7.408954651986088e-05,4.8899859209076216e-06,-1.291275891931234e-07,0.0,0.0,0.0,0.0,8.0
-0.3165,5.796928890042513,0.30073847269622567,0.6750003960516393,0.021099586741056803,0.0005463096629153583,7.23426666647974e-06,7.3292464127399e-05,4.929411496768492e-06,-1.2014164941235405e-07,0.0,0.0,0.0,0.0,8.0
-0.3134999999999999,5.780419299778895,0.30478045720734226,0.6712267906632304,0.02092296340484029,0.0005504600588305779,8.089059448185812e-06,7.2469017976577e-05,4.966207253976266e-06,-1.1117519534899923e-07,0.0,0.0,0.0,0.0,8.0
-0.3105,5.763909913077743,0.3088213382596025,0.6674673260874164,0.0207431884946483,0.0005545433799269674,8.90798553981622e-06,7.161657152812412e-05,4.999604468319722e-06,-1.01861980400695e-07,0.0,0.0,0.0,0.0,8.0
-0.3075000000000001,5.747403599038374,0.3128603260332852,0.6637228782626142,0.02056012452178262,0.0005585795700432511,9.705878201866055e-06,7.073188130906887e-05,5.02892623704213e-06,-9.178189551258934e-08,0.0,0.0,0.0,0.0,8.0
-0.3045,5.730904702932067,0.316896591776549,0.6599942268556342,0.020373631162481785,0.0005626371016878658,1.0499008185013703e-05,6.980645900972815e-05,5.053500048237996e-06,-8.00788383694747e-08,0.0,0.0,0.0,0.0,8.0
-0.3015000000000001,5.714418120179038,0.32092929983775736,0.6562821440266233,0.020183528928816894,0.0005667956785131008,1.1306863658603298e-05,6.883040520425949e-05,5.0725447488679016e-06,-6.578412282055948e-08,0.0,0.0,0.0,0.0,8.0
-0.2985,5.697946365048576,0.32495758756653176,0.6525877125102836,0.01998964442233223,0.000571012470197844,1.2145538190524286e-05,6.780661707364791e-05,5.085311892659255e-06,-4.8992263243762133e-08,0.0,0.0,0.0,0.0,8.0
-0.2955000000000001,5.681487823293023,0.3289804858702846,0.6489125132402331,0.01979194981134165,0.0005750422923037454,1.301553697300511e-05,6.675956131030123e-05,5.091505859910728e-06,-3.157304683313154e-08,0.0,0.0,0.0,0.0,8.0
-0.2925,5.665038712671007,0.33299685181281324,0.6452583902619212,0.01959068186046464,0.0005785317296221704,1.3895659817143502e-05,6.572583778384555e-05,5.091608333244701e-06,-1.6382784511330135e-08,0.0,0.0,0.0,0.0,8.0
-0.2895000000000001,5.6485972943645395,0.3370053858970548,0.6416269545285804,0.019386320648877454,0.0005812178316881134,1.4750045190771324e-05,6.473365371223258e-05,5.086756624234435e-06,-5.584717361309402e-09,0.0,0.0,0.0,0.0,8.0
-0.2865,5.6321668405899645,0.34100473115938307,0.6380192291767384,0.019179429284514854,0.0005830662784079626,1.554377021884996e-05,6.378838854851119e-05,5.0782272890820226e-06,5.112683862218442e-10,0.0,0.0,0.0,0.0,8.0
-0.2835000000000001,5.615755514918983,0.3449935871468873,0.6344356564530561,0.018970462184037078,0.0005842632275377168,1.6256576808749034e-05,6.2873179205914e-05,5.066881669948089e-06,3.3812055574004375e-09,0.0,0.0,0.0,0.0,8.0
-0.28049999999999997,5.599374024656526,0.34897077214792765,0.6308763755219334,0.018759651961946816,0.0005851016467527132,1.6887627810874982e-05,6.196037537578301e-05,5.052895478148599e-06,5.349932094050747e-09,0.0,0.0,0.0,0.0,8.0
-0.2775000000000001,5.583033037582671,0.35293521146784257,0.6273415428072135,0.018547014482067872,0.0005858543861138739,1.7450959026082988e-05,6.10244871092244e-05,5.035858099271032e-06,8.548319292085508e-09,0.0,0.0,0.0,0.0,8.0
-0.27449999999999997,5.5667417172600295,0.3568858737936746,0.6238315303877398,0.018332441006791288,0.0005866970004711249,1.7965802594502216e-05,6.005026110046325e-05,5.0151180491084204e-06,1.4269877658091355e-08,0.0,0.0,0.0,0.0,8.0
-0.2715000000000001,5.550507543824453,0.36082169814391546,0.6203469677120801,0.018115814665623807,0.000587691819783925,1.844691063382365e-05,5.9034664155818853e-05,4.990168914139091e-06,2.2816052923913357e-08,0.0,0.0,0.0,0.0,8.0
-0.26849999999999996,5.534336840302361,0.36474155062744723,0.6168886777737272,0.017897093558888043,0.0005888138382492863,1.8898769473080178e-05,5.798452431902719e-05,4.960895195894955e-06,3.3688187489340324e-08,0.0,0.0,0.0,0.0,8.0
-0.26550000000000007,5.518235329861476,0.36864423127632345,0.613457579046787,0.017676328639543763,0.0005899935423792522,1.9315488829718698e-05,5.69120725875922e-05,4.927582443684085e-06,4.595059505441093e-08,0.0,0.0,0.0,0.0,8.0
-0.26249999999999996,5.502208355089579,0.37252852439608497,0.6100546061375387,0.01745361821494955,0.0005911581640474342,1.968573173360232e-05,5.583014563778931e-05,4.890707920788312e-06,5.8626915392890114e-08,0.0,0.0,0.0,0.0,8.0
-0.25950000000000006,5.486260775933791,0.37639326118049066,0.6066806736871178,0.017229031558995866,0.0005922600467770978,1.9999842950541586e-05,5.474839669355579e-05,4.850632413255801e-06,7.101939317854359e-08,0.0,0.0,0.0,0.0,8.0
-0.25649999999999995,5.470396804741695,0.38023735425312666,0.6033366830245501,0.01700254840993962,0.0005932866818806694,2.0255336219066465e-05,5.3671511237049996e-05,4.807361128945645e-06,8.286447186838679e-08,0.0,0.0,0.0,0.0,8.0
-0.25350000000000006,5.454620038221016,0.3840597794840175,0.6000235538968027,0.016774048917573503,0.0005942533425678247,2.045799199582667e-05,5.2599735692388116e-05,4.760493993045597e-06,9.429434176917614e-08,0.0,0.0,0.0,0.0,8.0
-0.25049999999999994,5.438933745515379,0.3878595139962324,0.5967422579957359,0.016543355009679975,0.0005951855954758182,2.0618609140389647e-05,5.153104723228269e-05,4.709362952276287e-06,1.05658256742955e-07,0.0,0.0,0.0,0.0,8.0
-0.24750000000000005,5.4233413140185505,0.39163546782813524,0.5934938303925622,0.01631029110773088,0.0005961046184540268,2.0748186801820132e-05,5.04633541744767e-05,4.653238294080518e-06,1.1733675700629097e-07,0.0,0.0,0.0,0.0,8.0
-0.24449999999999994,5.40784673149855,0.3953864494066422,0.590279343941361,0.016074722095658057,0.0005970272002935103,2.0855063027928287e-05,4.9395102079474956e-05,4.591457471029272e-06,1.2968266579603988e-07,0.0,0.0,0.0,0.0,8.0
-0.24150000000000005,5.392454850630249,0.399111177883507,0.5870998711921989,0.01583654874394934,0.0005979754092188072,2.094543528940407e-05,4.8324516765496016e-05,4.523411440007858e-06,1.4307521611451175e-07,0.0,0.0,0.0,0.0,8.0
-0.23849999999999993,5.377171067015097,0.4028083178046262,0.5839564933784152,0.015595680797265934,0.0005989737100956826,2.102531333588778e-05,4.7249720358413756e-05,4.448453561457321e-06,1.5791655006511217e-07,0.0,0.0,0.0,0.0,8.0
-0.23550000000000004,5.362000389572836,0.40647649721405865,0.5808503801956143,0.015352028552618122,0.0006000218737366159,2.1100728554626633e-05,4.6171110885843404e-05,4.365854196615124e-06,1.7446282996621398e-07,0.0,0.0,0.0,0.0,8.0
-0.23249999999999993,5.346946530874526,0.4101142919806269,0.5777828788941567,0.015105533477163889,0.0006010632410421003,2.117522447586814e-05,4.5094327598273974e-05,4.274857756107296e-06,1.926129413447651e-07,0.0,0.0,0.0,0.0,8.0
-0.22950000000000004,5.3320118281338935,0.4137201929147186,0.5747555184951901,0.014856218911896504,0.0006019809925541298,2.1246696267487926e-05,4.4030716277253944e-05,4.17478734766627e-06,2.1188146207062862e-07,0.0,0.0,0.0,0.0,8.0
-0.22649999999999992,5.317198214046362,0.41729258607856046,0.571769898528035,0.014604222392383312,0.0006026331586403822,2.13063919149183e-05,4.2994205328390224e-05,4.065097437529315e-06,2.3163279921483628e-07,0.0,0.0,0.0,0.0,8.0
-0.22350000000000003,5.302508652995266,0.42082976459854926,0.5688275243830134,0.014349784654640015,0.0006029049895072294,2.1341152149116583e-05,4.1996522805494963e-05,3.9453187268238316e-06,2.514323937777346e-07,0.0,0.0,0.0,0.0,8.0
-0.22049999999999992,5.287948173080066,0.4243299686715635,0.5659296855686745,0.01409319923681987,0.0006027463728609556,2.133780096183874e-05,4.1043710976524094e-05,3.8149129403378785e-06,2.713004427048322e-07,0.0,0.0,0.0,0.0,8.0
-0.21750000000000003,5.273523994420582,0.42779143640114525,0.5630774328991847,0.013834746875159318,0.000602176752867895,2.128769050205636e-05,4.013552204448101e-05,3.673098289260358e-06,2.917576569700028e-07,0.0,0.0,0.0,0.0,8.0
-0.2144999999999999,5.259244844528849,0.4312124479271855,0.5602716451464763,0.01357463995574459,0.0006012623899673722,2.1189951700766866e-05,3.9267220360642414e-05,3.5187005581224666e-06,3.1370214343529796e-07,0.0,0.0,0.0,0.0,8.0
-0.21150000000000002,5.245119895924277,0.43459135515588393,0.5575131366400297,0.013312988936582072,0.0006000832949702045,2.105321965557045e-05,3.8432183567204684e-05,3.350047952657887e-06,3.382357046569382e-07,0.0,0.0,0.0,0.0,8.0
-0.2084999999999999,5.231157735914544,0.437926600739257,0.5548027587822153,0.013049786829602771,0.0005987058719517742,2.0896610930566804e-05,3.76238195309912e-05,3.164890023943102e-06,3.6654606295610725e-07,0.0,0.0,0.0,0.0,8.0
-0.20550000000000002,5.217365541075895,0.44121673732047634,0.5521414733438748,0.01278489761540751,0.0005971688047043996,2.0751187894236467e-05,3.683607026681389e-05,2.960298677803698e-06,3.998963538493388e-07,0.0,0.0,0.0,0.0,8.0
-0.2024999999999999,5.20374838190027,0.4444604611570452,0.5495304012667855,0.012518030707247742,0.0005954818413527624,2.066322171597045e-05,3.606243619327694e-05,2.7325008700685577e-06,4.3972690962253723e-07,0.0,0.0,0.0,0.0,8.0
-0.1995,5.190308424333129,0.44765667586768443,0.5469708663011943,0.012248682663898032,0.000593633498617904,2.0700612591673875e-05,3.529369494049949e-05,2.4765870253050356e-06,4.878596227121441e-07,0.0,0.0,0.0,0.0,8.0
-0.1964999999999999,5.177043711240328,0.45080460558420854,0.5444644588888871,0.011976024969825538,0.0005916039206963933,2.0964129565798938e-05,3.451434400545961e-05,2.186025439804484e-06,5.468087268467201e-07,0.0,0.0,0.0,0.0,8.0
-0.1935,5.163946120159702,0.4539039858418104,0.5420131496512287,0.011698708663397053,0.0005893807865895229,2.160596170501541e-05,3.369750042743638e-05,1.8518774818758653e-06,6.202250855635289e-07,0.0,0.0,0.0,0.0,8.0
-0.1904999999999999,5.150996280885596,0.45695515359447425,0.5396195794903137,0.011414905917548025,0.0005870243274367286,2.2817251650434725e-05,3.278509383877875e-05,1.4629628892876962e-06,7.144872869340103e-07,0.0,0.0,0.0,0.0,8.0
-0.1875,5.140559793388133,0.46005133904466883,0.5370240605463762,0.010848794844366008,0.0005769177533244812,3.4074503908730646e-05,3.1361618364545136e-05,7.975498875937777e-07,8.943849443920664e-07,0.0,0.0,0.0,0.0,8.0
-0.1845000000000001,5.13869443926531,0.460669209016925,0.5361521778447249,0.01101039888674866,0.00046194582888818244,1.9613003509410265e-05,3.5680735843681056e-05,9.32049733808814e-07,7.60114695991631e-07,0.0,0.0,0.0,0.0,8.0
-0.1815,5.115723811211733,0.4656593307902456,0.5325424667941061,0.010745760454447376,0.0006374866343750752,8.814042772700196e-06,2.6315373941066024e-05,1.8251638125521765e-06,1.2300833861553583e-06,-1.2412766366519716e-07,1.1169562616177009e-08,0.0,0.0,10.0
-0.1785000000000001,5.103490289884766,0.4685064590722269,0.530377634838553,0.010433743335503077,0.000626342973351534,1.0523512926269374e-05,2.670080275107487e-05,1.4078880750676794e-06,1.2353031190193694e-06,-1.38089531511988e-07,1.7911001925967796e-08,0.0,0.0,10.0
-0.1755,5.09155907611948,0.47128610890981665,0.528267970147512,0.010129562043821976,0.000617090878022666,1.1577284025296654e-05,2.691829709257388e-05,9.981321992047874e-07,1.2646201741783858e-06,-1.547108197104664e-07,2.3923853671185925e-08,0.0,0.0,10.0
-0.1725000000000001,5.079919522609189,0.4739986253621253,0.5262149463713028,0.00983129269072886,0.0006092280112103874,1.214921302021274e-05,2.7017129968314647e-05,5.870172253921957e-07,1.3149072129922117e-06,-1.740316009978659e-07,2.947835190024386e-08,0.0,0.0,10.0
-0.16949999999999998,5.068564619134996,0.47664410723645134,0.52421954043769,0.00953777092127594,0.000602355089959266,1.234821961741375e-05,2.7042625276665622e-05,1.6745902970218006e-07,1.3836991409519414e-06,-1.9610988583217518e-07,3.4794075156242613e-08,0.0,0.0,10.0
-0.1665000000000001,5.057489733670202,0.47922244894573934,0.522282529175019,0.009248170379645763,0.0005961615398319208,1.22579455852786e-05,2.7029957929669396e-05,-2.6636576213906306e-07,1.469371966753993e-06,-2.2106078866804104e-07,4.004992340750078e-08,0.0,0.0,10.0
-0.16349999999999998,5.046691957568932,0.48173341954562804,0.520404509542971,0.008961922681767842,0.0005904054315456601,1.1942983103793455e-05,2.700645774142861e-05,-7.193397569134727e-07,1.5709629111824807e-06,-2.490504360185813e-07,4.539519470653283e-08,0.0,0.0,10.0
-0.1605000000000001,5.036169594126266,0.48417672563619807,0.518585913755351,0.008678655721268561,0.0005848985278197262,1.1453542835804163e-05,2.6993321681156942e-05,-1.1956395585819745e-06,1.6880365623007169e-06,-2.802923385745806e-07,5.095807129087325e-08,0.0,0.0,10.0
-0.15749999999999997,5.025921746620868,0.4865520625632073,0.5168270214680103,0.008398145059883979,0.0005794951499285137,1.082903447896685e-05,2.7006877840653974e-05,-1.698911474527108e-06,1.8205861201593392e-06,-3.150455842806869e-07,5.6852166291150726e-08,0.0,0.0,10.0
-0.15450000000000008,5.0159479773993985,0.4888591566114872,0.5151279703725474,0.00812027499609323,0.0005740838914025825,1.0100838448366608e-05,2.7059517338515153e-05,-2.2324018736647785e-06,1.968960361943435e-06,-3.5361452909489566e-07,6.318168665810082e-08,0.0,0.0,10.0
-0.15149999999999997,5.006248017454681,0.49109780020042754,0.5134887660801657,0.007845006740249487,0.0005685814888691073,9.29447380101439e-06,2.7160375659888614e-05,-2.7990519925532416e-06,2.133809645474672e-06,-3.963497599842436e-07,7.0045613459423e-08,0.0,0.0,10.0
-0.14850000000000008,4.996821511212104,0.49326788155775775,0.5119092919354747,0.007572351791880841,0.0005629283586819466,8.431312893646115e-06,2.731582032286563e-05,-3.4015640853586056e-06,2.3160461602476797e-06,-4.436501784976615e-07,7.754119116239632e-08,0.0,0.0,10.0
-0.14549999999999996,4.987667784896152,0.49536940991252,0.5103893192485014,0.007302349129437765,0.0005570854467976386,7.52995322118307e-06,2.752978440976224e-05,-4.042443574936055e-06,2.516814979528956e-06,-4.959661119498436e-07,8.576693841459657e-08,0.0,0.0,10.0
-0.14250000000000007,4.9787856298779625,0.4974025369336168,0.5089285182928066,0.00703504518098546,0.0005510321459882461,6.607330063120407e-06,2.78039723422931e-05,-4.7240202488850094e-06,2.737473471820821e-06,-5.538034015196535e-07,9.482533369718662e-08,0.0,0.0,10.0
-0.13949999999999996,4.9701730950378105,0.4993675749775339,0.5075264702774099,0.00677047574808463,0.0005447651224337527,5.679638202078234e-06,2.8137953686442574e-05,-5.448450485780895e-06,2.979577402015792e-06,-6.177284435770654e-07,1.0482528496273063e-07,0.0,0.0,10.0
-0.13650000000000007,4.961827284087522,0.5012650127009445,0.5061826803947794,0.006508649128450859,0.0005382979644866821,4.763123306200315e-06,2.852915244184837e-05,-6.217701773663028e-06,3.244872613067954e-06,-6.883741802981105e-07,1.1588446174446549e-07,0.0,0.0,10.0
-0.13349999999999995,4.953744154597535,0.503095528704512,0.5048965920143283,0.006249529676808726,0.0005316616184187097,3.874797773338317e-06,2.8972733485001502e-05,-7.0335200545787655e-06,3.5352915061644643e-06,-7.66447060055848e-07,1.2813155218012472e-07,0.0,0.0,10.0
-0.13050000000000006,4.9459183151104265,0.5048600040368808,0.5036676021392072,0.005993021021297067,0.0005249056123943212,3.0331256139404805e-06,2.9461384711796397e-05,-7.897379345220794e-06,3.852953614929925e-06,-8.527350280483818e-07,1.4170850700772221e-07,0.0,0.0,10.0
-0.12749999999999995,4.938342815580282,0.5065595345292639,0.5024950783470058,0.0057389481640661615,0.000518100100738921,2.258702187583921e-06,2.9984992465823425e-05,-8.81041143835312e-06,4.200169425153956e-06,-9.481166686817226e-07,1.5677284675300313e-07,0.0,0.0,10.0
-0.12450000000000006,4.931008925122848,0.5081954439886472,0.5013783775515973,0.0054870377538239565,0.0005113387978771402,1.5749275868296934e-06,3.0530207976203724e-05,-9.773311345270748e-06,4.579446310754012e-06,-1.0535717008197216e-06,1.7350013246165348e-07,0.0,0.0,10.0
-0.12149999999999994,4.923905890512659,0.5097692991909594,0.5003168670274779,0.005236895914938669,0.0005047429199068471,1.008641499478817e-06,3.107990274132158e-05,-1.0786211819943275e-05,4.993495150017654e-06,-1.1701931146753259e-06,1.9208672757328908e-07,0.0,0.0,10.0
-0.11850000000000005,4.917020670105987,0.5112829272892819,0.4993099482216319,0.004987983167642171,0.0004984663007144354,5.906567094354874e-07,3.1612511137737436e-05,-1.1848518185069968e-05,5.445235913490011e-06,-1.2992013216502969e-06,2.127530037741589e-07,0.0,0.0,10.0
-0.11549999999999994,4.910337642629502,0.5127384355176574,0.49835708390706424,0.004739586291237765,0.0004927018720445154,3.5609486878096574e-07,3.2101261117775503e-05,-1.2958692778788765e-05,5.937800183713735e-06,-1.4419607607016043e-06,2.3574716942989924e-07,0.0,0.0,10.0
-0.11250000000000004,4.903838301454005,0.5141382316708992,0.49745782904798286,0.004490787754056474,0.00048768966276383646,3.4437191633742004e-07,3.251330343135123e-05,-1.4113975765952388e-05,6.47452782612147e-06,-1.599999485821651e-06,2.6134994267484417e-07,0.0,0.0,10.0
-0.10949999999999993,4.897500967573137,0.5154850414024988,0.49661186492247444,0.004240435105147518,0.0004837263691921767,5.985523631221737e-07,3.2808774370607535e-05,-1.5310023235541482e-05,7.058953125827092e-06,-1.7750324155126293e-06,2.8988039437232905e-07,0.0,0.0,10.0
-0.10650000000000004,4.8913005979287565,0.5167819142542261,0.49581903370096403,0.003987116466870608,0.0004811763994066411,1.163491968075826e-06,3.293987997367502e-05,-1.6540428950554073e-05,7.694771192909437e-06,-1.9689893074505233e-06,3.2170353441656946e-07,0.0,0.0,10.0
-0.10349999999999993,4.885208849227327,0.5180322030709739,0.4950793651943285,0.0037291557812806587,0.0004804841600915037,2.0815273957072757e-06,3.285019554824372e-05,-1.7796062302403078e-05,8.385765587116145e-06,-2.1840494237876763e-06,3.572407727729252e-07,0.0,0.0,10.0
-0.10050000000000003,4.8791947216896965,0.5192394876775128,0.4943930760355382,0.0034646562199002655,0.0004821872991207602,3.383093603442782e-06,3.247458208612308e-05,-1.906408251220754e-05,9.135657712897103e-06,-2.4226868098536754e-06,3.9698556409330217e-07,0.0,0.0,10.0
-0.09749999999999992,4.8732264378290235,0.5204073857470315,0.49376049907503644,0.003191649115103207,0.00048693062664240214,5.0668796284565016e-06,3.174053065415647e-05,-2.0326341933269745e-05,9.947797494708925e-06,-2.6877340794258257e-06,4.4152892603825845e-07,0.0,0.0,10.0
-0.09450000000000003,4.867275885588004,0.5215391352276906,0.49318185762711164,0.0029084631159599873,0.000495480270031193,7.058650174215946e-06,3.057256445012489e-05,-2.155660074064705e-05,1.0824533147392864e-05,-2.9824803418797187e-06,4.916042334577401e-07,0.0,0.0,10.0
-0.09149999999999991,4.861328336092062,0.5226367094659757,0.49265671600572336,0.0026145433421721808,0.0005087365751154654,9.127000159222291e-06,2.8902985558143314e-05,-2.2715405064573262e-05,1.1765934985467406e-05,-3.3108337969099217e-06,5.48169968768718e-07,0.0,0.0,10.0
-0.08850000000000002,4.855402973746408,0.5236989693124653,0.49218277403461325,0.002312183723822638,0.0005277408919885524,1.0712601657170245e-05,2.669563334083838e-05,-2.3740353068677037e-05,1.2767221307087151e-05,-3.677608293496361e-06,6.125674701131483e-07,0.0,0.0,10.0
-0.08549999999999991,4.849595556117235,0.5247178278348025,0.4917533434917374,0.0020101120290684344,0.0005536631969370676,1.0583688951129458e-05,2.399621362485621e-05,-2.4527218712776413e-05,1.3813574921622032e-05,-4.089049430338403e-06,6.868272852222331e-07,0.0,0.0,10.0
-0.08250000000000002,4.844166318723809,0.5256703282056683,0.49135216965464756,0.0017308392220262098,0.0005877413907008998,6.1417626887085375e-06,2.1036680280887235e-05,-2.4892866982369145e-05,1.4869712866035393e-05,-4.553826870425208e-06,7.742704607273744e-07,0.0,0.0,10.0
-0.0794999999999999,4.839720305232494,0.5265023764962238,0.4909428703920236,0.001525656653834474,0.0006311195188519749,-7.977086871695753e-06,1.8448615004980858e-05,-2.450182399724483e-05,1.5858955401085664e-05,-5.08493818369279e-06,8.806930389424989e-07,0.0,0.0,10.0
-0.07650000000000001,4.837576477074345,0.5270956066928901,0.4904473991302756,0.0015051145224333085,0.0006845265968212437,-4.2711214990693215e-05,1.7692102077644676e-05,-2.2720659334532927e-05,1.662161322155557e-05,-5.703390451766151e-06,1.0166852792386609e-06,0.0,0.0,10.0
-0.0734999999999999,4.840523421967994,0.5272006369570323,0.48970203999077405,0.0019005852683962826,0.0007478952289401006,-0.00012015888534093435,2.1893440182005018e-05,-1.8331584109250762e-05,1.683417243570315e-05,-6.445294130903185e-06,1.2020684920404858e-06,0.0,0.0,10.0
-0.07050000000000001,4.854379080226221,0.526304362577941,0.4883665117537162,0.0031879331752060363,0.0008212473713829086,-0.00028453026300161724,3.7351132689992534e-05,-8.976785265824923e-06,1.5863859758040264e-05,-7.375465645980418e-06,1.4737044694690817e-06,0.0,0.0,10.0
-0.0674999999999999,4.876927196756664,0.5238300134176761,0.48727430331496024,0.005721061936913326,0.00037948731265461175,-0.000553604102006701,0.0001265103453517794,4.549787758096827e-06,8.630248463800954e-06,-8.37175769186652e-06,2.122256019277987e-06,0.0,0.0,10.0
-0.0645,4.876371284811792,0.5240036510111522,0.4869995790078554,0.0056823940690410805,0.00032472155711579836,-0.0005620425742631098,0.0001410566747742629,1.9314285984736994e-06,7.964882830631758e-06,-8.553983493589517e-06,2.3947657891237645e-06,0.0,0.0,10.0
-0.06150000000000011,4.812190622050527,0.5316849805581572,0.4885758894914607,-0.00013598377951696766,0.00035117637433512754,1.1362894389089437e-05,0.00010648291430984615,-4.773261030934595e-05,1.4662959352400995e-05,-6.1415472080341555e-06,2.1465843658586744e-06,-2.497626476787264e-07,6.069739251757888e-08,12.0
-0.058499999999999996,4.810593054742109,0.5319605840449053,0.4883779350052362,-6.224785653421588e-05,0.00040141959071316455,-2.0306511717188956e-05,0.0001055363846067119,-4.921308037748885e-05,1.636243867906521e-05,-6.607558351590165e-06,2.2519509102480767e-06,-2.853637752219021e-07,6.37840298167149e-08,12.0
-0.055500000000000105,4.808526531414249,0.5322790466573861,0.48821236899512255,-3.981273600668245e-05,0.0004470644172078461,-4.8681034005452985e-05,0.0001058537871227981,-5.1029333234116925e-05,1.806267901499453e-05,-7.102885533436438e-06,2.3710229171158346e-06,-3.2293885010458413e-07,6.716528240239065e-08,12.0
-0.05249999999999999,4.80608741273831,0.5326268311306844,0.4880782050162738,-5.7159812307936775e-05,0.0004895397099206615,-7.490862765763392e-05,0.0001073273647025685,-5.312968983306005e-05,1.9775074210273122e-05,-7.631207538330097e-06,2.504191631426059e-06,-3.626247811791847e-07,7.086451753176318e-08,12.0
-0.0495000000000001,4.80332690160949,0.5329962594058966,0.4879755982487137,-0.00010794111348272313,0.0005301501634142888,-9.963808557078304e-05,0.00010983937093081483,-5.5496048113330145e-05,2.1513963448100802e-05,-8.19491055958327e-06,2.651671478224179e-06,-4.046157389691795e-07,7.492064026078579e-08,12.0
-0.046499999999999986,4.800282945316177,0.5333814871919716,0.48790475435848807,-0.00018720171850849528,0.0005700433469175916,-0.0001234208858792927,0.00011329977670808611,-5.811624295102773e-05,2.3292004941196185e-05,-8.796332930922065e-06,2.8138235004770665e-06,-4.4912350553644216e-07,7.937095773270844e-08,12.0
-0.043500000000000094,4.796981851694767,0.5337781358970719,0.487866018398533,-0.00029111352826493865,0.0006102243876551306,-0.00014673378334093562,0.00011764345071801347,-6.0982904461372984e-05,2.512042934717953e-05,-9.43780469834171e-06,2.9911414045195144e-06,-4.963769331472237e-07,8.42519253262134e-08,12.0
-0.04049999999999998,4.793440440714128,0.5341830050445163,0.4878598646782164,-0.0004167656417159153,0.0006515906406883256,-0.00016999645212067207,0.00012282613259428015,-6.409259261455545e-05,2.700934903061375e-05,-1.0121677436340914e-05,3.1842364814065703e-06,-5.466220852719254e-07,8.960005283109018e-08,12.0
-0.03750000000000009,4.789667936676035,0.5345938550604437,0.48788687710534706,-0.0005620080483395312,0.0006949632250136817,-0.00019358465399673685,0.00012882092758730179,-6.744517168383542e-05,2.896801888030331e-05,-1.0850343455955961e-05,3.393825271172668e-06,-6.001227732161175e-07,9.545271143925661e-08,12.0
-0.034499999999999975,4.785667335742712,0.5350092402174363,0.48794775313684624,-0.0007253320281829255,0.0007411077198150719,-0.00021784028438037305,0.00013561584608266783,-7.104334132554689e-05,3.1005016596818204e-05,-1.1626245874480601e-05,3.620720573517835e-06,-6.571612219898221e-07,1.0184874942565238e-07,12.0
-0.031500000000000083,4.781436318419853,0.5354283752223049,0.48804332818020635,-0.0009057730701651425,0.0007907460221123399,-0.00024307938305293068,0.0001432121609159651,-7.489225991526477e-05,3.3128356636085964e-05,-1.2451881112472872e-05,3.8658245903238215e-06,-7.18038721889155e-07,1.0882894521058495e-07,12.0
-0.02849999999999997,4.776967862276224,0.5358510256191209,0.48817460776831517,-0.0011028286814026287,0.0008445636473037192,-0.0002695986930154064,0.00015162320089858592,-7.899922689848905e-05,3.53455618585848e-05,-1.3329794754779818e-05,4.130122802261541e-06,-7.830762124828991e-07,1.1643635764580603e-07,12.0
-0.025500000000000078,4.772250667164893,0.536277417149873,0.48834279925008045,-0.0013163884827057484,0.00090321531851283,-0.0002976809931920883,0.00016087333569163903,-8.337341380118984e-05,3.766370918496563e-05,-1.4262571112490231e-05,4.414677682216821e-06,-8.526147791577631e-07,1.2471661510108592e-07,12.0
-0.022499999999999964,4.767269444063394,0.5367081616940167,0.4885493411958252,-0.0015466762870391133,0.0009673298445647023,-0.000327599281025552,0.00017099707052718787,-8.802564538706748e-05,4.008945665282253e-05,-1.5252816562593095e-05,4.720621828674012e-06,-9.270160417507444e-07,1.337181587420779e-07,12.0
-0.019500000000000073,4.76200508332196,0.5371441982953422,0.4887959323527206,-0.0017942043779330648,0.0010375143169016896,-0.00035961986061565354,0.00018203825818207935,-9.296823798893824e-05,4.262905543268379e-05,-1.6303136819933756e-05,5.049150342769987e-06,-1.0066624064817367e-06,1.434924397061178e-07,12.0
-0.01649999999999996,4.7564347069229,0.5375867480485321,0.4890845628924092,-0.002059740066241456,0.0011143574742494109,-0.0003940044148706836,0.00019404945853248876,-9.821490587715621e-05,4.528835093707827e-05,-1.7416108588227034e-05,5.401512336220129e-06,-1.0919571488353484e-06,1.5409406503886873e-07,12.0
-0.013500000000000068,4.750531607980861,0.5380372817352416,0.48941755042820184,-0.0023442843774772477,0.0011984322106101167,-0.0004310111598408968,0.00020709147169570307,-0.00010378075047967307,4.807277954732806e-05,-1.8594246426269603e-05,5.7790014647758325e-06,-1.1833242963710775e-06,1.655808871526022e-07,12.0
-0.010499999999999954,4.744265080168888,0.5384974991340101,0.4897975829068136,-0.002649062484228565,0.0012902973046397498,-0.00047089518538133104,0.0002212330650469704,-0.00010968235091216811,5.098736980666282e-05,-1.9839966092763315e-05,6.182945407300708e-06,-1.2812082824187666e-06,1.7801403117427017e-07,12.0
-0.007500000000000062,4.737600139066749,0.5389693187906118,0.4902277702137381,-0.0029755251266631254,0.001390498435501793,-0.000513908083958709,0.0002365509129460678,-0.00011593797625456587,5.403675847729283e-05,-2.1155546087825428e-05,6.614694273050626e-06,-1.386073341348071e-06,1.914578520317708e-07,12.0
-0.0044999999999999485,4.7304971392802635,0.5394548766931645,0.4907117059328441,-0.003325359680017248,0.0014995684691395496,-0.0005602969632307824,0.00025312976487436214,-0.00012256793899366382,5.722523261145105e-05,-2.2543089590183316e-05,7.075608010092028e-06,-1.4984026137257632e-06,2.0597980905937652e-07,12.0
-0.0015000000000000568,4.7229112975338845,0.5399565318460995,0.49125353992137905,-0.0037005087894194403,0.0016180269217427926,-0.000610302924118323,0.0002710628446157314,-0.00012959510410521456,6.055680884747853e-05,-2.4004489463930818e-05,7.5670429889158e-06,-1.6186969272186599e-06,2.2165024183364893e-07,12.0
0.0015000000000000568,4.714792142757316,0.5404768763146905,0.4918580611397865,-0.0041031937295291625,0.0017463784730211308,-0.0006641590570623285,0.0002904524547298651,-0.0001370455585357757,6.403536036076515e-05,-2.554139938958694e-05,8.090338028199067e-06,-1.747473217807107e-06,2.385420281604717e-07,12.0
0.0044999999999999485,4.706082928703587,0.5410187469364519,0.49253078859191796,-0.004535938922951879,0.0018851104108610552,-0.0007220879654885387,0.0003114107158135348,-0.00014494942998441958,6.766479966747335e-05,-2.7155214307223646e-05,8.646800189862454e-06,-1.885262553276923e-06,2.5673010387762174e-07,12.0
0.007500000000000062,4.696720062224162,0.541585235477797,0.49327806639631766,-0.005001593347541176,0.002034688927376798,-0.0007842987776591829,0.0003340603106837778,-0.0001533418199257777,7.144932080173273e-05,-2.8847063011308892e-05,9.237690657318777e-06,-2.0326077095424693e-06,2.7629082369660547e-07,12.0
0.010499999999999954,4.686632619292107,0.5421796935774754,0.4941071570558386,-0.005503343943915659,0.0021955542529678686,-0.0008509835629862524,0.00035853503154110447,-0.000162263782361447,7.539369622741311e-05,-3.061781457608043e-05,9.864210853419713e-06,-2.1900602184975555e-06,2.9730114171611146e-07,12.0
0.013500000000000068,4.675742037681677,0.5428057285756223,0.49502632513758116,-0.006044715826741895,0.0023681147186565012,-0.0009223130234508672,0.00038497984603018084,-0.00017176323711375112,7.950361141229235e-05,-3.246809790786057e-05,1.0527488552176026e-05,-2.3581767388258976e-06,3.1983758844270783e-07,12.0
0.01649999999999996,4.663962086415487,0.5434671864255116,0.49604490209807717,-0.0066295542957256915,0.0025527399751905894,-0.0009984312894813386,0.00041355011430213356,-0.000181895656710952,8.378600284380023e-05,-3.4398329738529794e-05,1.1228562984014657e-05,-2.5375144797965794e-06,3.4397501612302207e-07,12.0
0.019500000000000073,4.651199215133466,0.5441681183259883,0.4971733221712037,-0.007261984401347939,0.0027497537585630893,-0.0010794496343589726,0.00044440952082304565,-0.0001927243139942478,8.824934379976188e-05,-3.640874062084042e-05,1.196836675173397e-05,-2.7286252137860363e-06,3.6978507292522854e-07,12.0
0.022499999999999964,4.637353377925922,0.5449127286063774,0.49842311938723066,-0.00794634527243049,0.002959426775722421,-0.001165438956923091,0.0004777262565144934,-0.00020431983364848163,9.290379864400327e-05,-3.849938121179367e-05,1.2747700761123506e-05,-2.9320471379152054e-06,3.973343466467545e-07,12.0
0.025500000000000078,4.622319402708504,0.5457053028388013,0.4998068772063422,-0.008687098645946061,0.0031819704958613334,-0.001256421001269691,0.0005136670318947109,-0.00021675877078698757,9.776114545762159e-05,-4.067008327451127e-05,1.356719646692132e-05,-3.1482935020872846e-06,4.2668208938763453e-07,12.0
0.02849999999999997,4.605988938813369,0.5465501169862018,0.5013381250560726,-0.009488713888472954,0.0034175328714148258,-0.0013523585320381025,0.0005523886591245557,-0.00023012096341960315,0.00010283435559788275,-4.2920343250636575e-05,1.442725789793555e-05,-3.377836556472845e-06,4.578773979421643e-07,12.0
0.031500000000000083,4.588252964173095,0.5474513304307094,0.5030311801625389,-0.010355534986267375,0.003666197280937853,-0.0014531450979054954,0.0005940272426091257,-0.00024448549469139626,0.0001081367266872624,-4.524909374695553e-05,1.5327974760464884e-05,-3.621085080532077e-06,4.90955688164904e-07,12.0
0.034499999999999975,4.569004774121831,0.548412867723592,0.504900938092101,-0.011291638083810557,0.003927986260986419,-0.0015585955894666327,0.000638685475084091,-0.0002599252721454504,0.00011368050243738823,-4.765433326253195e-05,1.626899825770957e-05,-3.878353683750534e-06,5.259342801029115e-07,12.0
0.03750000000000009,4.548143313541415,0.5494382956174975,0.5069626207549077,-0.012300690647699624,0.004202871800450962,-0.0016684394584672907,0.0006864191202794761,-0.00027650048849989657,0.00011947498587619233,-5.013260024659507e-05,1.7249374033036037e-05,-4.149822400037554e-06,5.628069263203828e-07,12.0
0.04049999999999998,4.525576661562637,0.5505307031517341,0.5092314954695089,-0.013385824639278125,0.004490793956247669,-0.0017823190573348785,0.0007372243911457533,-0.0002942515518042871,0.00012552426246075377,-5.267830607999762e-05,1.826733262250252e-05,-4.435486019526568e-06,6.015371946174794e-07,12.0
0.043500000000000094,4.501225442254278,0.5516925930564255,0.5117225822087375,-0.0145495356436777,0.0047916890940080305,-0.001899795848316009,0.0007910284622932604,-0.00031319241199181025,0.0001318247857355476,-5.5282981979387965e-05,1.9320047253150047e-05,-4.73509423857444e-06,6.420507813262652e-07,12.0
0.046499999999999986,4.475025923025914,0.552925792381468,0.5144503676361268,-0.015793617363914415,0.005105527930845887,-0.0020203669520873517,0.0008476856005685408,-0.00033330548453278504,0.00013836321661916368,-5.793454220856884e-05,2.040338111412844e-05,-5.048086045080961e-06,6.842270923334849e-07,12.0
0.0495000000000001,4.446932578672062,0.5542313890072207,0.5174285436162542,-0.01711913626186293,0.005432361621876214,-0.0021434934309339723,0.0009069811666200858,-0.000354539478857586,0.00014511501151126703,-6.061671079083194e-05,2.15116595316519e-05,-5.3735245576774454e-06,7.278907707867698e-07,12.0
0.05249999999999999,4.41691994218733,0.5556096986511572,0.520669784623374,-0.018526444953248022,0.005772371469230035,-0.0022686397510155334,0.0009686448949323162,-0.00037681128159035526,0.00015204428105226994,-6.330878778973241e-05,2.2637513752520296e-05,-5.7100413094381e-06,7.72804223834485e-07,12.0
0.055500000000000105,4.3849836278673875,0.557060264368929,0.5241855734684802,-0.020015226337749374,0.006125914842353225,-0.0023953212036863674,0.0010323733846270802,-0.00040001256100834887,0.00015910535182977702,-6.598592955654074e-05,2.3771848412719256e-05,-6.0558009824192915e-06,8.186625206130819e-07,12.0
0.058499999999999996,4.351140488155306,0.5585818876688701,0.5279860790141894,-0.021584554873604275,0.006493557317454672,-0.0025231531430358273,0.0010978597905267208,-0.0004240209590832165,0.00016624623759752365,-6.862007340946205e-05,2.490398039586586e-05,-6.4084980205698505e-06,8.650921892601507e-07,12.0
0.06150000000000011,4.315427941750493,0.5601726875720273,0.5320800842365668,-0.023232958478803713,0.006876079831295123,-0.0026518934310157437,0.0011648266492831026,-0.00044871472548433565,0.00017341387694199114,-7.118154704465736e-05,2.6021980081324393e-05,-6.765394642152105e-06,9.11655319850393e-07,12.0
0.0645,4.277902575673999,0.561830181623226,0.5364749592042372,-0.024958465489372857,0.007274450732795527,-0.0027814683064851698,0.0012330561138825043,-0.00047398862421511834,0.00018056057313969176,-7.36412744909745e-05,2.7113216896803228e-05,-7.123405181409638e-06,9.5785990497197e-07,12.0
0.0674999999999999,4.238638170048451,0.5635513813026253,0.541176671952802,-0.026758626321162885,0.007689756569156001,-0.0029119727328009463,0.0013024111468249936,-0.0004997681726996542,0.00018765066854489352,-7.597334501905566e-05,2.8165073043650662e-05,-7.479224681203838e-06,1.0031765150247364e-06,12.0
0.07050000000000001,4.197723317758949,0.5653328936435253,0.5461898308706581,-0.028630508146002008,0.008123092125008165,-0.003043639479721436,0.0013728418668470142,-0.0005260190212678908,0.00019466621017729706,-7.815758169262319e-05,2.91657492304538e-05,-7.829491257978538e-06,1.0470603067458977e-06,12.0
0.0734999999999999,4.155258813511898,0.567171021060863,0.5515177544000547,-0.03057067094568165,0.008575418625469951,-0.0031767765208117354,0.0014443734053229493,-0.0005527487341473648,0.00020161031769935195,-8.018166924903222e-05,3.0105053710294022e-05,-8.17096367082011e-06,1.0889762009967377e-06,12.0
0.07650000000000001,4.111354973099502,0.5690618522754117,0.5571625663788881,-0.032575141922693444,0.009047407303594159,-0.003311678866045464,0.001517075059112514,-0.0005799994206487778,0.0002085072114904947,-8.204240809346555e-05,3.097505065680046e-05,-8.500689805928427e-06,1.128424114173237e-06,12.0
0.0794999999999999,4.066129019435055,0.571001338713082,0.56312531687444,-0.03463940970373568,0.00953929150043413,-0.0034485272317890565,0.0015910145679588848,-0.0006078314163945145,0.0002153983901155872,-8.374576718054876e-05,3.177045313732338e-05,-8.816140318129808e-06,1.1649606716601675e-06,12.0
0.08250000000000002,4.0197026414929375,0.5729853529003803,0.5694061279418002,-0.03675845834288574,0.01005075210072247,-0.0035872902859141616,0.0016662050452625292,-0.0006363001699545291,0.0002223351753847971,-8.530560360424631e-05,3.2488681516016674e-05,-9.115285545300192e-06,1.198214079968256e-06,12.0
0.08549999999999991,3.972199799293774,0.5750097280706963,0.5760043611530917,-0.038926853634674456,0.01058085727377851,-0.0037276481764001506,0.0017425544479988924,-0.0006654301775151844,0.0002293686125331988,-8.67411647443845e-05,3.312956499644856e-05,-9.396602843716272e-06,1.2278898359003774e-06,12.0
0.08850000000000002,3.923744816586587,0.5770702809914816,0.5829187995537493,-0.04113888215585835,0.011128068432709196,-0.003868952010714193,0.0018198277304163357,-0.0006951907664816343,0.00023653833336919394,-8.807373427655596e-05,3.369473064208616e-05,-9.659014058134643e-06,1.2537665516158339e-06,12.0
0.09149999999999991,3.8744607771588377,0.5791628221871502,0.5901478320813883,-0.04338872962187372,0.011690311807690701,-0.004010227331875952,0.0018976297436139487,-0.0007254784505987873,0.00024386229272528047,-8.932296547045137e-05,3.4186785169718455e-05,-9.901766175466081e-06,1.2756830338612524e-06,12.0
0.09450000000000003,3.8244682233672727,0.581283158630456,0.5976896248866636,-0.04567067319924309,0.012265101984836909,-0.004150220915435638,0.0019754129106454945,-0.0007561094194907718,0.0002513291783706306,-9.05035157232213e-05,3.4608435021102106e-05,-1.0124279127745613e-05,1.293519433844757e-06,12.0
0.09749999999999992,3.7738841458496806,0.5834270934596026,0.6055422627743361,-0.04797925585148209,0.012849693509262797,-0.004287481531012581,0.0020525086766405853,-0.0007868237367887398,0.0002588947852010278,-9.162253475175308e-05,3.496169944981719e-05,-1.0325990519936179e-05,1.307176367656439e-06,12.0
0.10050000000000003,3.722821247804795,0.5855904257936365,0.6137038459847035,-0.05030941189585987,0.013441231891550344,-0.00442045884903634,0.0021281769562049723,-0.0008173004911430396,0.0002664828587718834,-9.267837988388697e-05,3.524734742330638e-05,-1.0506226382894836e-05,1.3165561330880042e-06,12.0
0.10349999999999993,3.6713874614832154,0.5877689520306383,0.6221725327808861,-0.05265652189190139,0.014036877306804646,-0.004547601988681517,0.002201664456583697,-0.0008471810548216121,0.00027399004827581276,-9.366068123879702e-05,3.546463861583012e-05,-1.06641202363969e-05,1.3215494834466464e-06,12.0
0.10650000000000004,3.6196856866609153,0.5899584687532647,0.6309465258559657,-0.05501638955431113,0.014633882255426948,-0.004667440793016537,0.0022722616064836183,-0.0008760962554177423,0.0002812938771397051,-9.455162049840747e-05,3.561138497561475e-05,-1.0798591725641519e-05,1.3220300625870114e-06,12.0
0.10949999999999993,3.5678137124496914,0.5921547767069801,0.6400240086983244,-0.05738514954348187,0.015229616114516472,-0.004778638115450186,0.002339349001796697,-0.0009036929307539167,0.00028826220492832205,-9.53280811705563e-05,3.5684288268388936e-05,-1.090838376862865e-05,1.3178569243318774e-06,12.0
0.11250000000000004,3.5158642785459517,0.5943536850155755,0.6494030447406287,-0.05975912822232103,0.015821541616341493,-0.004880008643714118,0.002402427297638734,-0.0009296559964892624,0.0002947625893933773,-9.596421846592027e-05,3.56794645860123e-05,-1.0992146510255683e-05,1.3088839733332059e-06,12.0
0.11549999999999994,3.463925232650402,0.5965510145640819,0.6590814557575676,-0.06213468641241495,0.016407157786079346,-0.0049705071278622025,0.002461128405229782,-0.0009537235322978156,0.00030067023062282195,-9.64339965935199e-05,3.559304727620038e-05,-1.104854966614781e-05,1.2949740272318588e-06,12.0
0.11850000000000005,3.41207974668676,0.5987425993233303,0.669056695951552,-0.06450807276637903,0.01698392878190891,-0.00504919456781277,0.0025152096437159,-0.0009756940601738137,0.0003058736765262501,-9.671333417449455e-05,3.5421765924966685e-05,-1.1076403026626716e-05,1.276014712351772e-06,12.0
0.12149999999999994,3.3604065620504917,0.6009242846354114,0.6793257350401909,-0.06687530994345488,0.01754921796153784,-0.005115193859170482,0.002564535291243989,-0.0009954267157166487,0.000310278037964433,-9.678164714036279e-05,3.51634250768117e-05,-1.1074767577893045e-05,1.2519335792262927e-06,12.0
0.12450000000000006,3.3089802397403285,0.6030919223942255,0.68988495886677,-0.06923212618619388,0.018100242298448383,-0.005167646364891782,0.0026090513156608753,-0.0010128360817842944,0.00031380595939385685,-9.662273773645455e-05,3.481724238089283e-05,-1.1043045407223255e-05,1.2227105034887692e-06,12.0
0.12749999999999995,3.2578713938468966,0.6052413644634873,0.7007300912323656,-0.0715739351482407,0.018634055768655136,-0.005205678441563876,0.002648758937363223,-0.0010278839212394723,0.00031639691870345065,-9.622510856944733e-05,3.4384041104140614e-05,-1.0981043285708599e-05,1.188386358775594e-06,12.0
0.13050000000000006,3.2071468886508483,0.6073684569112762,0.7118561369860887,-0.07389585899825601,0.019147563446476824,-0.005228383169899279,0.0026836914444902512,-0.0010405699438569807,0.00031800555078432917,-9.558185746679221e-05,3.3866317939723476e-05,-1.088901062953907e-05,1.1490678228153136e-06,12.0
0.13349999999999995,3.156869983810905,0.609469037938874,0.7232573443253579,-0.07619278474949441,0.019637562307034832,-0.005234818594644955,0.002713896890517033,-0.001050923230277112,0.00031859962353120435,-9.469032606362662e-05,3.32682192478754e-05,-1.0767656048788027e-05,1.1049287700970246e-06,12.0
0.13650000000000007,3.107100420410994,0.6115389414066617,0.7349271834894713,-0.07845944133300452,0.020100800998235805,-0.0052240206050247,0.002739427500796948,-0.0010589952297700433,0.0003181581031156683,-9.35516426464485e-05,3.2595457235287625e-05,-1.0618147355971452e-05,1.0562088880433782e-06,12.0
0.13949999999999996,3.0578944514522832,0.6135740059951382,0.7468583390098339,-0.08069048467782658,0.020534049333685068,-0.005195026679715137,0.002760335200355084,-0.0010648545597560012,0.0003166695063888654,-9.217023886284708e-05,3.1855185825499024e-05,-1.0442098070948265e-05,1.0032099378387184e-06,12.0
0.14250000000000007,3.0093048298743943,0.615570088222505,0.7590427129269797,-0.08288057955520232,0.020934168705243877,-0.0051469061169763216,0.00277667184882248,-0.0010685833240206785,0.00031413052798965,-9.05533555026521e-05,3.105584020453454e-05,-1.0241540218579501e-05,9.462896054407477e-07,12.0
0.14549999999999996,2.961380771628347,0.6175230767402508,0.7714714366994342,-0.08502446984453614,0.02129817646779842,-0.005078792767191095,0.0027884925324323283,-0.0010702744184050352,0.00031054480386400845,-8.87105071479061e-05,3.0206931003516046e-05,-1.001888010757884e-05,8.858523851256836e-07,12.0
0.14850000000000008,2.914167909420182,0.6194289059795081,0.7841348899468497,-0.08711703273813727,0.02162329993191693,-0.004989917222295851,0.0027958604766198983,-0.0010700293099410816,0.0003059216555297178,-8.665286340245703e-05,2.9318779359864018e-05,-9.776832341458051e-06,8.223366658704271e-07,12.0
0.15149999999999997,2.867708246484735,0.6212835689585141,0.7970227247599586,-0.08915331649156596,0.021907018234486188,-0.004879636454868867,0.0027988525913370376,-0.0010679559865003113,0.0003002747384246362,-8.439252802685563e-05,2.840218533635279e-05,-9.518328579043486e-06,7.561973490353155e-07,12.0
0.15450000000000008,2.822040113186254,0.6230831309190399,0.8101238950083142,-0.09112856471316458,0.022147092479585684,-0.004747459736092593,0.0027975651248071014,-0.0010641670581807623,0.00029362064919505836,-8.19417461547008e-05,2.746803804033558e-05,-9.246401629051127e-06,6.878839713985322e-07,12.0
0.15749999999999997,2.777198126083994,0.6248237464212679,0.8234266906659096,-0.09303823206712086,0.02234158581526269,-0.004593070172231777,0.0027921192127938043,-0.0010587782181867575,0.0002859776699861109,-7.931212363324824e-05,2.652689605945847e-05,-8.96405132807226e-06,6.178153129052143e-07,12.0
0.1605000000000001,2.733213150619333,0.6265016820995578,0.8369187774171027,-0.09487799635686563,0.022488875502236556,-0.0044163414171816415,0.002782666195090379,-0.001051907345600871,0.0002773648874603844,-7.651397858998616e-05,2.5588584073682092e-05,-8.674104481242221e-06,5.463525487429959e-07,12.0
0.16349999999999998,2.6901122731194373,0.6281133457405272,0.8505872416156324,-0.09664377065897348,0.022587658789132346,-0.004217349176697362,0.002769392461190422,-0.0010436744337628022,0.00026780189340098483,-7.355594737346263e-05,2.466185895087892e-05,-8.379084964863657e-06,4.7377382238574334e-07,12.0
0.1665000000000001,2.647918792074989,0.6296553205123416,0.8644186401904483,-0.09833171736172439,0.0226369539416787,-0.003996377178807073,0.002752523401340402,-0.0010342023151929407,0.0002573091657068493,-7.04449328541637e-05,2.3754193207675377e-05,-8.08111063374438e-06,4.002534209372787e-07,12.0
0.16949999999999998,2.6066522398131267,0.631124401901161,0.8783990546150596,-0.09993826449605514,0.02263609744193251,-0.0037539174673842744,0.0027323259268003724,-0.0010236179377486143,0.0002459090908169928,-6.71864259040502e-05,2.2871707573539608e-05,-7.781830968761817e-06,3.258484769658899e-07,12.0
0.1725000000000001,2.566328442952647,0.6325176346039245,0.8925141478465931,-0.10146012405840815,0.022584738325084164,-0.003490665218485803,0.0027091090921275715,-0.0010120538324353541,0.00023362747871552282,-6.378517289052179e-05,2.2019263853330386e-05,-7.482414699027535e-06,2.5049546235611894e-07,12.0
0.1755,2.526959624754038,0.6338323471032951,0.906749223283077,-0.10289431196070856,0.022482830740348764,-0.003207508714269591,0.002683222610684541,-0.0009996494446630885,0.00022049537670744843,-6.024612257542345e-05,2.120071133643381e-05,-7.183591656405821e-06,1.7401793817811655e-07,12.0
0.1785000000000001,2.4885545470446884,0.6350661823652682,0.9210892851613197,-0.10423816928159726,0.022330625831751452,-0.002905515488834262,0.0026550533984747078,-0.0009865521341562917,0.0002065510037111712,-5.657557036521978e-05,2.041926816538586e-05,-6.885748944774022e-06,9.614625658995466e-08,12.0
0.1815,2.4511186857176592,0.6362171235494201,0.9355191001948298,-0.1054893841573887,0.022128663687239623,-0.00258591582010483,0.002625020543441889,-0.000972917776769949,0.00019184165938940448,-5.2782414589351453e-05,1.9678011122933338e-05,-6.589077804980169e-06,1.654913090467658e-08,12.0
0.1845000000000001,2.4146544323851753,0.6372835136541091,0.9500232604513179,-0.10664601284235603,0.021877765357239388,-0.0022500845872871333,0.002593569137479124,-0.0009589109164812896,0.00017642545641740882,-4.887942685583693e-05,1.8980436695748855e-05,-6.293762765757576e-06,-6.512405992409199e-08,12.0
0.1875,2.379161314811463,0.6382640678749959,0.9645862474681803,-0.10770649753476615,0.021579024014898203,-0.001899522084788349,0.00256116320121885,-0.0009447042807406527,0.00016037265017644148,-4.488440081671725e-05,1.8331037116362194e-05,-6.0001971840443165e-06,-1.4919296659022665e-07,12.0
0.1904999999999999,2.3446362289575338,0.63915787755548,0.9791924975313401,-0.10866967808673975,0.021233793608671055,-0.0015358338620374264,0.002528277599408578,-0.0009304772573177014,0.00014376622257797784,-4.0820985692825395e-05,1.7735807849750527e-05,-5.709199077007356e-06,-2.3589286622320774e-07,12.0
0.1935,2.311073675010411,0.639964405243976,0.9938264680772889,-0.10953479514438602,0.02084367320985428,-0.0011607092975848233,0.002495388608828493,-0.0009164127894732364,0.00012670129176666934,-3.671896222203395e-05,1.7202577432134635e-05,-5.422190854843685e-06,-3.2532533992479967e-07,12.0
0.1964999999999999,2.278465988782568,0.6406834714984215,1.0084727054132434,-0.11030148363753534,0.02041048583278795,-0.0007758986223683277,0.0024629628699127846,-0.0009026922380676858,0.00010928295981766574,-3.26137223850571e-05,1.6741043104361647e-05,-5.14130103415215e-06,-4.1742170212318175e-07,12.0
0.1995,2.2468035593057465,0.6413152353106757,1.023115914308091,-0.11096975742057767,0.01993625164329746,-0.0003831885313290895,0.002431444902777432,-0.0008894881552094713,9.162243275117795e-05,-2.854480417222032e-05,1.6362421635885057e-05,-4.869350336455031e-06,-5.119275549977717e-07,12.0
0.2024999999999999,2.2160750244068206,0.6418601708483559,1.0377410302570855,-0.11153998754470237,0.019423156757597256,1.5622786485500353e-05,0.0024012440770776475,-0.000876955538646101,7.383162954139405e-05,-2.4553510644062117e-05,1.6078689059264018e-05,-4.609701319902781e-06,-6.084141443615807e-07,12.0
0.20550000000000002,2.186267439057073,0.6423190432629886,1.0523332950984117,-0.11201287746731302,0.018873519781118026,0.0004187497135367562,0.0023727226086846555,-0.000865222779508538,5.601693300786437e-05,-2.0679868771174385e-05,1.5901474591779662e-05,-4.36597780964491e-06,-7.063173074453646e-07,12.0
0.2084999999999999,2.1573664158794665,0.6426928855691448,1.0668783360037222,-0.11238943819388829,0.01828975849541727,0.0008244405846845814,0.0023461864862588345,-0.0008543839169596976,3.8273071134576146e-05,-1.6959386893153448e-05,1.584076714991283e-05,-4.141691082768244e-06,-8.049988582255695e-07,12.0
0.21150000000000002,2.1293562421254553,0.6429829773900653,1.0813622467366615,-0.11267096510296995,0.017674358607913415,0.0012309948716759318,0.00232188098536425,-0.0008444937741681237,2.067821407249495e-05,-1.3420175018553099e-05,1.5903656347587916e-05,-3.939834608282677e-06,-9.038199787985448e-07,12.0
0.2144999999999999,2.102219981212969,0.6431908251992426,1.095771668751089,-0.11285901659785928,0.01702984547274262,0.0016367754699465316,0.00229999160199815,-0.0008355670300191752,3.291169515858903e-06,-1.0080952630433142e-05,1.6093339588977184e-05,-3.7625197211821365e-06,-1.002213260120772e-06,12.0
0.21750000000000003,2.075939568508595,0.6433181429974427,1.1100938685826744,-0.11295539342830493,0.016358758603397628,0.0020402164836076423,0.002280650063743851,-0.000827581423712387,-1.3848894050657646e-05,-6.9502873375210035e-06,1.6408576397266985e-05,-3.610717002740222e-06,-1.099740425217524e-06,12.0
0.22049999999999992,2.0504959102378133,0.643366832317038,1.124316807439953,-0.11296211701172498,0.015663628072096255,0.0024398278914266338,0.002263943943016328,-0.0008204843719104108,-3.072032795775992e-05,-4.02713928085735e-06,1.6843675264188412e-05,-3.4841446903350163e-06,-1.196126305911209e-06,12.0
0.22350000000000003,2.0258689918320107,0.6433389609016402,1.1384291991188145,-0.1128814054709846,0.01494695180443376,0.002834198972856215,0.002249927693960203,-0.0008142016017887083,-4.73151079482036e-05,-1.3025159385424857e-06,1.7388987542360126e-05,-3.3813138689846263e-06,-1.291265099974475e-06,12.0
0.22649999999999992,2.002037998726009,0.6432367400394474,1.1524205533021832,-0.1127156471365786,0.014211173334952304,0.0032220021790459815,0.0022386328952631283,-0.0008086461718538804,-6.363405285153034e-05,1.2381490156982574e-06,1.8031790841908508e-05,-3.2997103373021685e-06,-1.3852005516369828e-06,12.0
0.22950000000000004,1.9789814496146247,0.6430625010001341,1.1662812027016582,-0.11246737244324792,0.013458660520630336,0.003601998327413596,0.0022300760804050495,-0.000803726489795315,-7.968204703953232e-05,3.6123469390194392e-06,1.87573938681976e-05,-3.2360726752912962e-06,-1.4780859536676833e-06,12.0
0.23249999999999993,1.95667734006165,0.6428186711564787,1.180002313973376,-0.11213922597181504,0.012691686582924421,0.003973042911671774,0.0022242635048427026,-0.0007993524860949791,-9.546394236245878e-05,5.837982412679182e-06,1.9550289454432646e-05,-3.1867179509848672e-06,-1.5701320794621952e-06,12.0
0.23550000000000004,1.93510329321634,0.6425077501897813,1.1935758835461547,-0.11173394051577812,0.011912415253020928,0.004334092391985733,0.002221193149742413,-0.0007954397107645199,-0.00011098151414065023,7.931291222029242e-06,2.0395209507218317e-05,-3.1478683893337593e-06,-1.6615515636327388e-06,12.0
0.23849999999999993,1.9142367139364223,0.6421322864649703,1.2069947202355813,-0.11125431446036349,0.011122891516790365,0.004684208910042919,0.002220854872352034,-0.0007919115683281883,-0.00012623158149790262,9.905356273819095e-06,2.1277975562335318e-05,-3.115939610245505e-06,-1.7525075705108304e-06,12.0
0.24150000000000005,1.894054942421653,0.6416948534414099,1.2202524167878601,-0.1107031927162396,0.010325038570579424,0.005022562071252934,0.0022232297619409324,-0.000788700104961029,-0.00014120523408764495,1.1769286640138395e-05,2.2186079174531247e-05,-3.087760526380808e-06,-1.8430733242280238e-06,12.0
0.24449999999999994,1.8745354032208335,0.6411980260123075,1.233343312477267,-0.1100834503866113,0.009520660420907665,0.005348427109854999,0.002228289537602212,-0.0007857457654362773,-0.00015588801746539756,1.3528042365191418e-05,2.310896663891339e-05,-3.060706575963326e-06,-1.9332071704493043e-06,12.0
0.24750000000000005,1.8556557451283253,0.6406443569591139,1.2462624488097866,-0.10939797768134336,0.00871144849297036,0.005661179619165577,0.0022359964295501186,-0.0007829964642961702,-0.00017026086641204238,1.5182808812943573e-05,2.4038047229385546e-05,-3.032743003305286e-06,-2.0227449889913575e-06,12.0
0.25049999999999994,1.8373939672197273,0.6400363541573562,1.2590055204374722,-0.10864966456085777,0.007898989984424643,0.00596028780385972,0.0022463035977556976,-0.0007804062486909144,-0.00018430151365059888,1.6731746407396912e-05,2.4966491688557133e-05,-3.002392616143293e-06,-2.1114081141712936e-06,12.0
0.25350000000000006,1.8197285264112086,0.6393764595951131,1.2715688235828415,-0.10784138418289237,0.007084775681820056,0.006245303687183409,0.0022591558581977846,-0.0007779337768493849,-0.00019798606595522846,1.8170889484283263e-05,2.5888924170179542e-05,-2.968657800433571e-06,-2.1988214882682236e-06,12.0
0.25649999999999995,1.8026384227539785,0.6386670314928712,1.2839492044589733,-0.1069759752089734,0.006270205552261915,0.006515854758567117,0.0022744903509343776,-0.0007755407666628203,-0.00021129047727110812,1.9494978237294426e-05,2.6801116188017205e-05,-2.9309320316158777e-06,-2.284535206373772e-06,12.0
0.25950000000000006,1.786103260303972,0.6379103307522278,1.296144010090447,-0.10605622405656125,0.005456591498198336,0.006771637127286194,0.0022922368330932147,-0.0007731904850400535,-0.00022419177137441085,2.0698095299435343e-05,2.7699754482596388e-05,-2.888926720782324e-06,-2.3680441065331794e-06,12.0
0.26249999999999996,1.7701032836817052,0.6371085126295088,1.308151043352357,-0.10508484889898716,0.004645157954660884,0.0070124104243205814,0.0023123175354257206,-0.0007708463043681931,-0.0002366690234566465,2.1774113631265247e-05,2.858228691968476e-05,-2.84261734873799e-06,-2.4488043221243427e-06,12.0
0.26550000000000007,1.7546193929533311,0.6362636240350636,1.3199685228771862,-0.10406448735613405,0.0038370421359577526,0.00723799371787514,0.0023346469178412064,-0.0007684704020358617,-0.000248704212509406,2.2717079178667494e-05,2.9446783506378784e-05,-2.7921889208124644e-06,-2.52625066962112e-06,12.0
0.26849999999999996,1.7396331416764046,0.6353776063299326,1.3315950469478177,-0.10299768931170143,0.0030332962836238497,0.007448260999941954,0.00235913199468472,-0.0007660228020049106,-0.0002602830427875731,2.352168489463112e-05,3.029172094497987e-05,-2.737948761738057e-06,-2.5998213940108378e-06,12.0
0.2715000000000001,1.7251267243428325,0.6344523030136101,1.3430295591135903,-0.10188691530410902,0.0022348939279308376,0.007643134801149651,0.002385673895271986,-0.0007634610373552673,-0.0002713957180105132,2.4183918743614334e-05,3.1115630344685414e-05,-2.680184213647124e-06,-2.6689948619556455e-06,12.0
0.27449999999999997,1.7110829596830823,0.6334894712767939,1.3542713126883152,-0.10073453982250352,0.0014427409335325675,0.007822577403350264,0.0024141707996964776,-0.0007607406091178395,-0.00028203752355568444,2.470182374334128e-05,3.191662915868295e-05,-2.6189726513919326e-06,-2.733336291367517e-06,12.0
0.2775000000000001,1.6974852753197214,0.632490795990953,1.3653198319894921,-0.09954285797238997,0.0006576902840295094,0.007986580711155822,0.0024445214509386973,-0.0007578160899269574,-0.0002922090287327359,2.5076171258227887e-05,3.2691950997965045e-05,-2.5539880316115e-06,-2.7925443158868493e-06,12.0
0.28049999999999997,1.6843176973082132,0.6314579043166779,1.3761748701102516,-0.0983140935455811,-0.0001194422499465867,0.008135157445011358,0.0024766275341221934,-0.0007546423131530127,-0.0003019158006158572,2.5310795632243777e-05,3.3437641018584484e-05,-2.484372257614885e-06,-2.846481549052274e-06,12.0
0.2835000000000001,1.6715648456012846,0.630392378848914,1.3868363654618727,-0.09705040644865649,-0.0008878655811128573,0.008268337069427766,0.0025103929364174806,-0.0007511748754352374,-0.0003111676693457242,2.5412400442658806e-05,3.4148566156935866e-05,-2.408735223386129e-06,-2.8951741480246763e-06,12.0
0.2865,1.6592119338888947,0.629295767330666,1.3973044011192945,-0.09575389749582917,-0.0016468079382995222,0.00838616911492893,0.0025457186831175545,-0.0007473693988814906,-0.00031997770011089004,2.5389797704023744e-05,3.4818799154518505e-05,-2.3253118724486038e-06,-2.93877358617277e-06,12.0
0.2895000000000001,1.647244769997903,0.6281695877445351,1.4075791711219219,-0.09442660872907843,-0.0023955212177328216,0.008488734191248161,0.0025824941252787057,-0.0007431796574255345,-0.00032836103620875685,2.525271430076162e-05,3.544230972709903e-05,-2.232251387412897e-06,-2.9774865032422007e-06,12.0
0.2925,1.6356497513984427,0.6270153291341785,1.4176609561356446,-0.09307051807079698,-0.0031332946684367977,0.008576159615561461,0.0026205871243075813,-0.0007385555149832598,-0.0003363336713195852,2.5010412007358117e-05,3.601379551171061e-05,-2.127967744870876e-06,-3.011489778636061e-06,12.0
0.2955000000000001,1.6244138496923313,0.6258344504744452,1.4275501082388578,-0.09168752880876772,-0.0038594736195603566,0.008648633369458644,0.0026598376353081537,-0.0007334422922493259,-0.0003439110024949964,2.4670335952396835e-05,3.652947302004569e-05,-2.01146934038246e-06,-3.040851478152911e-06,12.0
0.2985,1.6135245787341004,0.6246283814120238,1.4372470427480122,-0.09027945714124426,-0.004573475484757957,0.0087064086339867,0.002700059319060617,-0.0007277833422486475,-0.00035110575738855757,2.423680109950881e-05,3.698775333974599e-05,-1.8826212804336723e-06,-3.0654708246855022e-06,12.0
0.3015000000000001,1.6029699438121774,0.6233985285838539,1.4467522351452826,-0.0888480232940434,-0.0052747947897640885,0.00874979329393312,0.0027410516746803897,-0.0007215267871911622,-0.0003579248714360809,2.370951349609515e-05,3.7389873140102196e-05,-1.7423524640139493e-06,-3.0850368820822218e-06,12.0
0.3045,1.5927383742283527,0.6221462888429402,1.4560662227670347,-0.08739485086721535,-0.005962994181084821,0.00877912596173573,0.0027826198872125227,-0.0007146348136365717,-0.00036436576941834253,2.3081936148882732e-05,3.7740530645750297e-05,-1.5928295716455444e-06,-3.0990012661228554e-06,12.0
0.3075000000000001,1.5828186475462909,0.62087306691174,1.4651896117564747,-0.08592147374326609,-0.006637688826232576,0.008794750725494517,0.002824592098130096,-0.000707089750147263,-0.0003704145799110561,2.2340443734753033e-05,3.8048227835827826e-05,-1.4375229026331e-06,-3.1065777683875268e-06,12.0
0.3105,1.573199817977111,0.6195802923137537,1.4741230882244778,-0.084429343947131,-0.007298539692368544,0.00879700948911534,0.002866819363887914,-0.0006988883441436906,-0.0003760506042300669,2.1466223201824916e-05,3.8324581137159195e-05,-1.28095295703918e-06,-3.1068082152520015e-06,12.0
0.3134999999999999,1.5638711606068338,0.6182694317359926,1.482867430212635,-0.08291983636328505,-0.007945263987499823,0.008786262127107225,0.0029091503701302998,-0.0006900195269221533,-0.00038125976224469776,2.0441390582703295e-05,3.858198479632059e-05,-1.127936394144681e-06,-3.098727684891914e-06,12.0
0.3165,1.5548221367046005,0.6169419983860325,1.4914235179591184,-0.08139426249760494,-0.00857764345154468,0.008762917202731512,0.0029513935002441457,-0.0006804333184202449,-0.00038605346778058285,1.9258045694635204e-05,3.883004309942306e-05,-9.824624692826162e-07,-3.0815988488264157e-06,12.0
0.3194999999999999,1.5460423770809726,0.615599565409046,1.4997923436764637,-0.07985392303664525,-0.009195482465683141,0.008727427168762913,0.0029933005468407966,-0.0006700216275995587,-0.00039048257931064356,1.7925860235382028e-05,3.907241676083491e-05,-8.467153016615491e-07,-3.055106245608388e-06,12.0
0.3225,1.5375216759056767,0.6142437914848538,1.5079750174232813,-0.07830021694092802,-0.009798479131492118,0.008680206132810165,0.003034605960638125,-0.000658631994863635,-0.0003946358406147653,1.6473618225443386e-05,3.9305847737642634e-05,-7.208130682969955e-07,-3.0193872322110295e-06,12.0
0.3254999999999999,1.5292499855702921,0.6128764645954461,1.5159727434131232,-0.07673476653241224,-0.010386047637879262,0.008621486496993585,0.003075120447628269,-0.0006461173381257897,-0.00039862064494083774,1.4943772693387985e-05,3.9521754391837854e-05,-6.034252841983553e-07,-2.974858129479843e-06,12.0
0.3285,1.5212173955491295,0.6114995694330115,1.523786727330495,-0.07515945931342784,-0.010957224767655349,0.00855121516799859,0.0031148256770820756,-0.000632400104988591,-0.0004025341674669896,1.338326019774109e-05,3.970911856873071e-05,-4.928662250804916e-07,-2.9219180451938067e-06,12.0
0.3314999999999999,1.5134140757501413,0.6101153717434631,1.531418032110778,-0.07357633861026817,-0.011510801438003827,0.008469122346254625,0.0031538913870213584,-0.0006175175099856032,-0.0004064362914355838,1.1834624560370844e-05,3.985693206367026e-05,-3.879821253149445e-07,-2.8606979647907864e-06,12.0
0.3345,1.5058302578652638,0.6087264181321245,1.5388675411880295,-0.07198738455152863,-0.012045696431057554,0.008375004170296668,0.0031925772969315165,-0.0006016248352251391,-0.0004103325774456762,1.0329262565887081e-05,3.9955462569764115e-05,-2.883398581305238e-07,-2.7910156840296455e-06,12.0
0.3374999999999999,1.498456704658667,0.6073350289119738,1.5461363111337791,-0.07039417601240652,-0.012561483633089293,0.008269062966306473,0.0032310915203599033,-0.0005849570199975736,-0.0004141746999141948,8.88330348670135e-06,3.9997039957543876e-05,-1.9377510196990063e-07,-2.7125926486876867e-06,12.0
0.3405,1.4912868411245739,0.6059412826663368,1.5532265084465415,-0.06879697099031291,-0.013059103247921904,0.008151963823076043,0.0032695926938950065,-0.0005677616384905394,-0.0004178924294984106,7.497168630403656e-06,3.997834358791483e-05,-1.0385309973301805e-07,-2.625519185740467e-06,12.0
0.3434999999999999,1.48432218351082,0.6045382900254097,1.5601423655997035,-0.06719213890141121,-0.01354191376051804,0.008024164715046755,0.0033085221426935097,-0.0005501814175323419,-0.00042147852977069506,6.1549156933993746e-06,3.9908318507404755e-05,-1.7456129971371017e-08,-2.5312888369283146e-06,12.0
0.34650000000000003,1.477580801345009,0.6031056450360842,1.566888686093829,-0.0655673839006875,-0.014016585040953908,0.007884141761517123,0.0033491947351515475,-0.0005319867886889786,-0.0004251324373651335,4.805358704786404e-06,3.982763975076092e-05,6.868235655343771e-08,-2.4353836816444942e-06,12.0
0.3494999999999999,1.471096943834767,0.6016107330661518,1.5734659652751284,-0.06390053511961431,-0.01449159632376773,0.007726949497957081,0.003393902088218548,-0.000512302351426074,-0.0004293412753691336,3.330644709173101e-06,3.9826496931899805e-05,1.6240958493351023e-07,-2.350073944049976e-06,12.0
0.35250000000000004,1.4644104884099558,0.600024498993266,1.5803510364353675,-0.06216609908309544,-0.015101990888100677,0.00755999521955193,0.003480738767885955,-0.0004914709555651302,-0.0004416883170088501,1.6569596168703247e-06,4.10810116131695e-05,2.769783906926657e-07,-2.42614363360989e-06,12.0
0.3554999999999999,1.4582649620452592,0.5984154262739713,1.586633072144537,-0.060417638850992654,-0.015563271708212614,0.007369602051375532,0.00352580178902502,-0.00046841881933422304,-0.00044515275146191904,-1.8798456210465394e-07,4.0938470224432146e-05,3.94461886525698e-07,-2.320621267335198e-06,12.0
0.35850000000000004,1.452426342231576,0.5969441203088297,1.5924422504622529,-0.0587929579830241,-0.015879198564371297,0.007200384001605359,0.003528049495528,-0.00045063744175349727,-0.0004392612411049473,-1.3568285847433294e-06,3.928803571646856e-05,4.528848367040072e-07,-2.013689727212341e-06,12.0
0.36149999999999993,1.446780993924625,0.59546429749,1.5981532851439104,-0.057168222291526814,-0.016217946363190704,0.007026343390218349,0.003543354532344078,-0.00043271755983594274,-0.00043639783708815817,-2.569200862109026e-06,3.819657772779185e-05,5.086542151596112e-07,-1.7824664264041246e-06,12.0
0.36450000000000005,1.441196869362411,0.5940252786629884,1.6038784777661848,-0.055584079323684366,-0.016600716286020254,0.006863751743290835,0.003577024794795004,-0.00041748767068457236,-0.0004375085052008566,-3.496154488175732e-06,3.779468506738582e-05,5.397345930133541e-07,-1.642957969496197e-06,12.0
0.36749999999999994,1.4357159552445091,0.5926014778580933,1.6095422701804354,-0.0540168547382448,-0.017000684787311884,0.006703576636821074,0.0036198316562698453,-0.00040340752616590685,-0.00044061056359459544,-4.285505249048069e-06,3.774783121671276e-05,5.58559559196588e-07,-1.5523662641397708e-06,12.0
0.37050000000000005,1.4303607196662105,0.5911640630624185,1.6150829488063256,-0.05244241473025692,-0.01739482961200008,0.006536991224556363,0.0036634338454136868,-0.00038887236398787035,-0.0004438783846280484,-5.088072738421463e-06,3.773107739814765e-05,5.808094782394893e-07,-1.469382434555337e-06,12.0
0.37349999999999994,1.4251373780307082,0.5896995228755212,1.6204736140086136,-0.0508510374571839,-0.017773636634316546,0.006360361840114548,0.0037042802081004903,-0.00037313720112582867,-0.00044655109861059934,-5.960985182945844e-06,3.759464010616236e-05,6.17024780309964e-07,-1.3764748595223466e-06,12.0
0.37650000000000006,1.420048680060291,0.588208592796648,1.6257064351900519,-0.049244926408346615,-0.018135392466452478,0.0061740281466970874,0.003741800434933173,-0.0003561987599122321,-0.00044852366059283476,-6.889100426173571e-06,3.7308767833036006e-05,6.713120113825998e-07,-1.2720598262538488e-06,12.0
0.37949999999999995,1.4150950744329567,0.5866970435752791,1.6307822002717225,-0.04762951596882976,-0.018481231366185322,0.005979474371221507,0.0037765119030563634,-0.0003383364155342065,-0.0004498988767513332,-7.843629519615668e-06,3.68941907948382e-05,7.43677513845249e-07,-1.160599361881315e-06,12.0
0.38250000000000006,1.4102740477655178,0.5851704467698319,1.6357046514331208,-0.046009182673159975,-0.01881252348213341,0.0057780534066319165,0.0038090028030835265,-0.00031985516677136735,-0.00045076664895701813,-8.810036916301417e-06,3.638281051715857e-05,8.319712070124039e-07,-1.0471502504161044e-06,12.0
0.38549999999999995,1.4055811830122706,0.5836331897714887,1.640477581676662,-0.044387015046429036,-0.019129965913220286,0.005570948866355566,0.0038396132422318656,-0.0003010015583978582,-0.0004511658554447824,-9.790241612309511e-06,3.580376445709724e-05,9.333240933591763e-07,-9.356854401045582e-07,12.0
0.38850000000000007,1.4010112289037933,0.5820890396204109,1.6451043250461146,-0.04276576879869257,-0.0194335396545269,0.005359375296321384,0.0038684260014226145,-0.00028193585220956255,-0.00045111388036435466,-1.0797049671152308e-05,3.518042814976865e-05,1.0451912737667359e-06,-8.289803250221614e-07,12.0
0.39149999999999996,1.3965583152591652,0.5805417911977419,1.6495882524160455,-0.04114851581526303,-0.019722718435212373,0.005144559120254349,0.00389531871827927,-0.00026272493822111705,-0.0004506308925669256,-1.1848535720552542e-05,3.453016233565025e-05,1.1657282347551757e-06,-7.288194981837472e-07,12.0
0.3945000000000001,1.3922156171767468,0.5789958127431126,1.653932582294449,-0.03953871650010623,-0.01999666971403399,0.004927547184204892,0.0039200122107957355,-0.00024336145587969396,-0.00044974153489953263,-1.2963123475093957e-05,3.3864215387221716e-05,1.293532872831945e-06,-6.361565056699003e-07,12.0
0.39749999999999996,1.3879748635327538,0.577456515253499,1.6581393950914507,-0.037939901915613285,-0.020254466941163715,0.004709077576647875,0.003942145643491838,-0.00022381131840830678,-0.0004484659355477274,-1.4153917979342624e-05,3.318742327294376e-05,1.4270777747652184e-06,-5.511516931358447e-07,12.0
0.4005000000000001,1.3838268390309856,0.5759298668265096,1.662209263205516,-0.036355133726870686,-0.020495426904231354,0.004489656457985646,0.003961397411605683,-0.00020407520244218168,-0.00044681145332037064,-1.5421479306412428e-05,3.2497576555459446e-05,1.5641399021322164e-06,-4.7300961039234665e-07,12.0
0.40349999999999997,1.3797644176234567,0.5744190232983899,1.6661434272705269,-0.03478571448357678,-0.02072001345736243,0.004269618674368618,0.003977756482887747,-0.00018421004315254526,-0.00044479767056454365,-1.675038726427788e-05,3.178975893290613e-05,1.7017391353802387e-06,-4.003561669558776e-07,12.0
0.4065000000000001,1.3757889940101573,0.57291624634817,1.6699482874075962,-0.033226801380350425,-0.020932062312821097,0.004048129483205249,0.0039922975094621345,-0.00016412377731341642,-0.00044262377574669535,-1.813455302145042e-05,3.108694765733637e-05,1.8383542965143125e-06,-3.354209978006831e-07,12.0
0.4095,1.371927114315303,0.5713933059449723,1.673625802224676,-0.03165929063971157,-0.02113826341569474,0.0038201902806430294,0.004007413872326153,-0.00014297227740140572,-0.00044081093881428914,-1.965481706683324e-05,3.0474628608252592e-05,1.9798791948364565e-06,-2.89680855364321e-07,12.0
0.4125000000000001,1.3680199124402241,0.5698019909540611,1.677402092118003,-0.030045508331903226,-0.021409433600803596,0.0035779272164509373,0.004045920815287981,-0.00011907639321366495,-0.0004441527608513798,-2.1536995717256438e-05,3.073423140868435e-05,2.148003771014834e-06,-3.6921955963126063e-07,12.0
0.4155,1.3644602532121346,0.5681347661118507,1.680775188809317,-0.028379117625329405,-0.021600300117433874,0.003311736322158282,0.0040616219297641585,-9.106731398867778e-05,-0.0004430597384240017,-2.3860175839445552e-05,3.0305770334808463e-05,2.3439011073015518e-06,-3.6435285956083163e-07,12.0
0.4185000000000001,1.3611344979442948,0.5664796400422515,1.6837925715335278,-0.026735321418364016,-0.021704962517607205,0.0030467483790452853,0.004050597456968631,-6.348162726699526e-05,-0.00043639839957439273,-2.605931664069333e-05,2.8942136350528787e-05,2.529235545760088e-06,-2.3825871226123253e-07,12.0
0.4215,1.3578034756174027,0.5648636377831031,1.686765143545629,-0.025137325399155277,-0.021814591045056043,0.002795008902901416,0.004042503579809909,-3.825653246846775e-05,-0.00043051803078806417,-2.7923809361977436e-05,2.7669005821753892e-05,2.6962754337164625e-06,-1.319670810104408e-07,12.0
0.4245000000000001,1.3544470032223006,0.5632685629410098,1.6897729904996803,-0.023567878512066407,-0.02196260519401007,0.0025518896017127923,0.004049469635038972,-1.4495509195813207e-05,-0.00042824238600936614,-2.9569506351636538e-05,2.6970700585741937e-05,2.8568118530552876e-06,-1.1467250606851694e-07,12.0
0.4275,1.3511128556815017,0.5616890002326411,1.692757204731195,-0.02201910222965744,-0.022130819115020323,0.0023136079896715926,0.0040654518528488535,8.384317647534955e-06,-0.0004282045670354384,-3.1084539153548e-05,2.662896638959464e-05,3.0141468611633377e-06,-1.546293059124379e-07,12.0
0.4305000000000001,1.3478371971554657,0.5601106939573072,1.6956599115163586,-0.020477104046321297,-0.022299274333522547,0.002074319585429431,0.004083553842844369,3.1322921725314654e-05,-0.0004287183865828446,-3.263370100256606e-05,2.638369413246627e-05,3.172160195438721e-06,-2.110677229211242e-07,12.0
0.4335,1.3446273176847654,0.5585215729151184,1.6984564142350504,-0.01893294202253988,-0.022458451925620574,0.0018304142845620664,0.004100529733260634,5.486428978166511e-05,-0.0004288919456173423,-3.434382116415467e-05,2.611453511632505e-05,3.3302864834581837e-06,-2.615808587064981e-07,12.0
0.4365000000000001,1.3414795439249334,0.556914422745542,1.701137379694076,-0.017384512018464034,-0.02260516468477803,0.0015811684215828248,0.004115505344997055,7.909771865724358e-05,-0.0004284755976495866,-3.6258102148743536e-05,2.5802007642126764e-05,3.4845977674527553e-06,-2.994830363130212e-07,12.0
0.4395,1.3383896221249363,0.5552850844865722,1.7036974402638083,-0.01583271565802128,-0.0227385054711282,0.001327428959026137,0.004128360822514878,0.00010395792392988484,-0.0004275378566282869,-3.835141154502007e-05,2.5460654574674686e-05,3.631417239026314e-06,-3.256220646681105e-07,12.0
0.4424999999999999,1.3353542024990261,0.5536318476140816,1.706134349160935,-0.014278471202424408,-0.022858306315621964,0.0010704980463356233,0.004139006622165681,0.00012940527042312064,-0.0004262516153814378,-4.056125726461645e-05,2.5103538695765302e-05,3.768542948154525e-06,-3.426828813618719e-07,12.0
0.4455,1.332370780605257,0.5519550169485289,1.7084496079178138,-0.012721659598012585,-0.022964672406561682,0.0008114754300100418,0.00414729796547121,0.00015543646418358177,-0.0004247887765361503,-4.281879839028601e-05,2.4736532334833686e-05,3.894559201177643e-06,-3.529551934893089e-07,12.0
0.4484999999999999,1.3294369845968763,0.5502559712197735,1.7106477972006298,-0.011161781388646961,-0.02305775384366095,0.0005510092019068142,0.004153148836038245,0.0001820094768598298,-0.00042327056896391044,-4.506902504113722e-05,2.4361908368517445e-05,4.008087376727989e-06,-3.5780095599438233e-07,12.0
0.4515,1.326550063231512,0.5485357132160124,1.7127349023952625,-0.009598965053092507,-0.023137627294936656,0.0002892258839091308,0.004156591934445448,0.00020900182248108625,-0.00042175116070027605,-4.727863238271001e-05,2.3980098046011205e-05,4.107912040573948e-06,-3.576427222455794e-07,12.0
0.4544999999999999,1.3237072294926417,0.546793590089731,1.7147165847764005,-0.008034085680867619,-0.023204414812762402,2.5735207128922778e-05,0.0041577666725420405,0.00023624399614206033,-0.00042023308939921297,-4.943470445136762e-05,2.3590264709767208e-05,4.193533818564959e-06,-3.5230771379792793e-07,12.0
0.4575,1.3209064255952396,0.5450270515301976,1.7165966073817434,-0.006467805949933567,-0.02325851522377123,-0.00024027028628033982,0.004156894213737944,0.0002635950617185009,-0.00041870009675398003,-5.153886609265417e-05,2.319220682713848e-05,4.2655401826835034e-06,-3.416955724101075e-07,12.0
0.4604999999999999,1.3181466613959254,0.5432327418050699,1.718375347612166,-0.004899462358002554,-0.0233005763481923,-0.0005098087942974892,0.004154243400215848,0.00029101288353847323,-0.0004171400671113673,-5.3601523114762476e-05,2.2788966997959394e-05,4.3257895995159864e-06,-3.264489147074428e-07,12.0
0.4635,1.3154267942357745,0.5414088618159026,1.7200492714421496,-0.00332719143352572,-0.02333127689101653,-0.0007835348895157192,0.004150012615106646,0.0003185267273149672,-0.0004155225798235629,-5.563161462585238e-05,2.238378872820011e-05,4.377146501620755e-06,-3.076007643258182e-07,12.0
0.4664999999999999,1.3127432104502466,0.5395572166839075,1.721613095735889,-0.0017492807899493524,-0.02335184959716807,-0.0010606864230270682,0.0041443275000207875,0.00034594698233103707,-0.00041373480381380975,-5.758781784162481e-05,2.1956265169809814e-05,4.422749321263398e-06,-2.8396327370458744e-07,12.0
0.46950000000000003,1.3100964507743205,0.5376738725884471,1.7230709702995437,-0.00016432891925303482,-0.023365246053242722,-0.0013396486246327697,0.00413785841507866,0.0003727634859957875,-0.0004116604005171524,-5.936098572852433e-05,2.1464065545668485e-05,4.4645052038131064e-06,-2.519184526811161e-07,12.0
0.4724999999999999,1.3064148278718135,0.5351068681797011,1.725084057448399,0.0018884966169980116,-0.023408020125133336,-0.0017400193650983907,0.004138065793438723,0.00041743740699528545,-0.0004108875388515951,-6.292467974780651e-05,2.1240028176655155e-05,4.649077726426938e-06,-2.6632730244966177e-07,12.0
0.47550000000000003,1.3055283022100663,0.5343258553357313,1.7252404286325718,0.0026059972880698975,-0.023254700255867407,-0.001815449771410582,0.004097237257308099,0.00041741413511621467,-0.0004042881743301522,-6.216998559843236e-05,2.035540817366363e-05,4.556633090368768e-06,-2.174396975389357e-07,12.0
0.4784999999999999,1.302554440200967,0.531989568112212,1.7267296419038087,0.004480249986221685,-0.023315475741696942,-0.00217462698363782,0.004104581320785181,0.00045607722750580726,-0.0004039402237634653,-6.481774604686604e-05,2.00688792851551e-05,0.0,0.0,10.0
0.48150000000000004,1.2998927192987098,0.5298592294617595,1.727766793554615,0.006149096230317369,-0.023242651722231587,-0.002478646300326918,0.004077633422732393,0.0004865670792765545,-0.0003983928272562995,-6.674636648692624e-05,1.9197106562210488e-05,0.0,0.0,10.0
0.48449999999999993,1.2973897180401235,0.5278230421104516,1.7286897313149379,0.007735760824163449,-0.023179401177479426,-0.002760505839509262,0.004057342162483954,0.0005139374870518023,-0.00039467161744969383,-6.837543920653973e-05,1.868604318735942e-05,0.0,0.0,10.0
0.48750000000000004,1.2949370470758628,0.525786641260869,1.7295139623695512,0.009304709421012672,-0.02311237522283922,-0.0030404338848588437,0.00403628091240577,0.0005415406890508881,-0.00039076390105581506,-7.003032580467284e-05,1.8152523159386097e-05,0.0,0.0,10.0
0.49049999999999994,1.2925170963450734,0.5237305328707935,1.730231844350429,0.010866596400111242,-0.023034679974224332,-0.0033195596923078978,0.004012614690644944,0.0005693491742705014,-0.0003863869460764916,-7.171983086839941e-05,1.754642928487931e-05,0.0,0.0,10.0
0.49350000000000005,1.2901263777087482,0.5216553065771116,1.7308437768766818,0.012415922002122054,-0.022947503577889012,-0.0035951135073322574,0.003987547640027109,0.0005968824928840444,-0.00038189686093343094,-7.341734033732795e-05,1.6925098003224376e-05,0.0,0.0,10.0
0.49649999999999994,1.2877606394821839,0.5195586948976069,1.7313481383880869,0.01394828924392465,-0.022851500757870322,-0.003865059929658116,0.003961923080422416,0.000623787148601793,-0.0003775542459036246,-7.509835379835859e-05,1.633367908635144e-05,0.0,0.0,10.0
0.49950000000000006,1.2854168263299395,0.517436666130097,1.731743238035796,0.015463292666146157,-0.02274529387641473,-0.004128365100521592,0.003935799535840187,0.0006498542962737103,-0.0003734320873034301,-7.674604107808147e-05,1.5785758748480073e-05,0.0,0.0,10.0
0.5025,1.2830947454066828,0.5152870743793657,1.7320305603328237,0.016963203300814654,-0.022626748641572117,-0.004384572290256913,0.003908848645033511,0.0006748982831957144,-0.00036953012676001575,-7.834592331842157e-05,1.528147264451354e-05,0.0,0.0,10.0
0.5055000000000001,1.280796122462346,0.5131101457606129,1.7322149515753065,0.018451595436831465,-0.022494222905624566,-0.004633700080052028,0.003880652963128546,0.0006986900690637248,-0.00036586652976787644,-7.987899665938014e-05,1.4826585996695072e-05,0.0,0.0,10.0
0.5085000000000002,1.2785227389884721,0.5109067668549945,1.7323017036704427,0.019931997523864597,-0.02234744940750788,-0.00487653191650221,0.003850760806542316,0.0007210017107510679,-0.0003624909706233342,-8.132325952045808e-05,1.4437635086123555e-05,0.0,0.0,10.0
0.5114999999999998,1.2762753020754833,0.5086770283880193,1.7322933776062597,0.02140660491462715,-0.02218790474475981,-0.00511478149767717,0.0038186814947640253,0.0007416938454421736,-0.00035946018806871775,-8.265910069840602e-05,1.4137669774934535e-05,0.0,0.0,10.0
0.5145,1.2740532167353078,0.5064200430363023,1.7321890475395034,0.022875807704420246,-0.02201835401143334,-0.005350711538036009,0.0037839941955594013,0.0007607837381787875,-0.00035680837335118907,-8.386845439115588e-05,1.3949559553770404e-05,0.0,0.0,10.0
0.5175000000000001,1.2718545765752296,0.5041347104346818,1.7319863674151588,0.024338737900325626,-0.021841644283992805,-0.005586185500812675,0.0037465890250847336,0.0007784718461824098,-0.0003545052557929445,-8.492182207079204e-05,1.3889473089313291e-05,0.0,0.0,10.0
0.5205000000000002,1.26967571549366,0.5018208428164196,1.7316846866190043,0.025793933850852716,-0.021659437949718405,-0.005821591242011851,0.0037068597956244212,0.000795115532076092,-0.00035239228218172534,-8.576113082734423e-05,1.396017408164442e-05,0.0,0.0,10.0
0.5234999999999999,1.2675106442389454,0.49947989144047705,1.731286810342882,0.027239473116148327,-0.021471720681383193,-0.006055414240196023,0.0036656317996167187,0.0008111546901231427,-0.00035014959715552453,-8.630315300830209e-05,1.4146190368208163e-05,0.0,0.0,10.0
0.5265,1.2653528012998678,0.49711404361373834,1.730793896395465,0.028676505627981068,-0.02127874812505571,-0.0062850622766476355,0.0036240137594314627,0.0008269719688357753,-0.0003474060107887413,-8.647579454172278e-05,1.4415940314526283e-05,0.0,0.0,10.0
0.5295000000000001,1.263212334318182,0.4947114489035105,1.7301923513223658,0.03012485273163945,-0.021085059671697628,-0.006512500575358157,0.0035848155677401378,0.0008431815226328354,-0.0003443516967696304,-8.628183855010328e-05,1.4781365595197866e-05,0.0,0.0,10.0
0.5325000000000002,1.2603747744774019,0.4915089299025575,1.7295736121716514,0.03197264666976639,-0.020831108835800794,-0.006833286427385932,0.003539831472060369,0.0008727402920236581,-0.00034139818370790026,-8.683749396172956e-05,1.5474362187478503e-05,0.0,0.0,10.0
0.5354999999999999,1.259458830219505,0.4904036528192131,1.7287577828208824,0.032553211158107706,-0.02065707677508452,-0.006863724297213841,0.0035019569249806893,0.0008671548262690913,-0.00033596993249413034,-8.468131233937322e-05,1.5380051308109933e-05,0.0,0.0,10.0
0.5385,1.2569839876200706,0.4873850872255587,1.7279606625325545,0.03436038463853007,-0.020459443493002497,-0.007176808797601052,0.0034718337856907526,0.0008980007697176687,-0.00033414973340471733,-8.564207088496751e-05,1.5934491006823613e-05,1.2906639001333288e-08,-6.37381522824402e-08,12.0
0.5415000000000001,1.2547654906197363,0.484686690420385,1.7269126884841548,0.03584144328114262,-0.020189873597163458,-0.007403743498444822,0.0034212103355570193,0.0009164388714681192,-0.00032899054515771826,-8.574608282647325e-05,1.5920868241685518e-05,8.433152730943241e-08,-8.390202018012148e-08,12.0
0.5445000000000002,1.2526350531778767,0.4820626111652919,1.7258237194643278,0.03727136541515779,-0.01994178428387885,-0.007621390280719989,0.0033769545003995336,0.0009339680334908784,-0.0003250715464466289,-8.589975329371427e-05,1.605332668352406e-05,2.027488618016245e-07,-1.0853091018997305e-07,12.0
0.5474999999999999,1.2505005958889008,0.4794119074029177,1.7246471841632725,0.03869306127153564,-0.019688483048176223,-0.007836847007700123,0.0033320193679534822,0.0009514026368564549,-0.00032100120588549936,-8.605929178780866e-05,1.616655470862839e-05,3.5119024971575503e-07,-1.3136968251803993e-07,12.0
0.5505,1.2483583926053932,0.47671966350132716,1.7233540274814845,0.04010930561879406,-0.01942091278090285,-0.008049086865814965,0.0032842760949669658,0.0009685786451512702,-0.0003163774546597245,-8.621280163899461e-05,1.6189445734108088e-05,5.150088181956645e-07,-1.535259049018634e-07,12.0
0.5535000000000001,1.2462070067072526,0.4739830035695218,1.7219376088526785,0.04152112955365542,-0.019136411487260807,-0.00825821126594829,0.003232900247262824,0.000985560915873171,-0.00031098178764916095,-8.634441274767866e-05,1.6098871222417933e-05,6.92311552753629e-07,-1.7325466825169622e-07,12.0
0.5565000000000002,1.2440419491647605,0.4711999218891251,1.72039783703936,0.04292869453248058,-0.018834517892870044,-0.008464315828823434,0.003177691916354025,0.001002342060172918,-0.00030478999670676245,-8.646966479856574e-05,1.5877326567458707e-05,8.757902207854807e-07,-1.9085363630650372e-07,12.0
0.5594999999999999,1.2418593684083115,0.4683697161099581,1.7187361050174748,0.04433066208082874,-0.018515793275213275,-0.008667056121028083,0.003118827847256482,0.001018803458166666,-0.00029789950067840636,-8.661054791233284e-05,1.5520138052740396e-05,1.0584221906549967e-06,-2.0710068936663173e-07,12.0
0.5625,1.2396560767885374,0.46549158595156565,1.7169528327644108,0.045724942053398915,-0.018180846659134737,-0.008865700959903479,0.0030566132832859035,0.0010347462375129592,-0.000290462587468776,-8.678652296360031e-05,1.503421117275084e-05,1.2350054563057252e-06,-2.2263535176827848e-07,12.0
0.5655000000000001,1.2374280396398074,0.46256305473627396,1.7150473435665095,0.04710982977098547,-0.01782988032906289,-0.009059426218543392,0.0029913492771382767,0.0010499658778591863,-0.0002826383183159137,-8.7012102674881e-05,1.4434976906921046e-05,1.4021382907761006e-06,-2.377855206097117e-07,12.0
0.5684999999999998,1.235169830683242,0.4595796050826696,1.7130187404876736,0.04848464361976611,-0.017462736246755074,-0.0092475643712463,0.002923333830181542,0.0010643244767935933,-0.00027456854661628266,-8.729615813979631e-05,1.3743927920830977e-05,1.5577803130911746e-06,-2.527228373373514e-07,12.0
0.5714999999999999,1.232875717693464,0.4565354834639658,1.710866653271699,0.049849808914500714,-0.0170791374351582,-0.009429731624325418,0.0028529088975013392,0.001077794692054325,-0.000266368765232533,-8.764197152589589e-05,1.2986402440886484e-05,1.7010962027694198e-06,-2.6768402862680187e-07,12.0
0.5745,1.2305414263614989,0.4534248546973317,1.7085914104707103,0.05120671909913513,-0.016678797438388977,-0.009605853886390006,0.002780455202423135,0.0010904644618666825,-0.0002581207123006692,-8.804726723766488e-05,1.2188680365526456e-05,1.8326565385300234e-06,-2.8303911523582863e-07,12.0
0.5775000000000001,1.2281652720994807,0.4502427237081601,1.706193823447167,0.05255751465809001,-0.016261298704836943,-0.009776090831820338,0.0027063108807057973,0.0011024989088027188,-0.00024986287977959965,-8.850333248497856e-05,1.137439230219018e-05,1.954576418253592e-06,-2.991922228005534e-07,12.0
0.5804999999999998,1.2257480200783066,0.44698551437240625,1.7036749522399095,0.05390469548660717,-0.01582587426452934,-0.009940654918508452,0.0026306627085776967,0.0011140699761194902,-0.0002415842121355096,-8.899350973220559e-05,1.0561238958655005e-05,2.070182925052941e-06,-3.164050183398478e-07,12.0
0.5834999999999999,1.2232916410503678,0.4436518054292649,1.7010343385349487,0.05525143691564787,-0.015371752922068835,-0.010099459840925255,0.0025535021842267277,0.0011252558617585902,-0.00023322620559741334,-8.949009452443232e-05,9.759758085431937e-06,2.182164302151471e-06,-3.342995792214186e-07,12.0
0.5865,1.2207985539001154,0.4402426031623596,1.6982660407085934,0.05660283132880816,-0.01489831670706248,-0.01025245646885455,0.0024746306653068927,0.0011364908379477515,-0.00022523380876017822,-8.961830545225754e-05,8.819170955396344e-06,2.3449757775992823e-06,-3.6385829013916277e-07,12.0
0.5895000000000001,1.2182840946373688,0.43674486695292014,1.695370401561714,0.05796560906166082,-0.014402022682735712,-0.010404174763135177,0.0023960028970168665,0.0011474030234656192,-0.000217435248529082,-8.953484202771642e-05,7.840029103751453e-06,2.543348687207985e-06,-4.0627832004405805e-07,12.0
0.5924999999999998,1.215443167516324,0.43280598272439075,1.692360417585198,0.05947345331421233,-0.013832096166334747,-0.010584104749433332,0.0023043119585285533,0.0011620141438662085,-0.0002069084423690553,-9.038574861279831e-05,6.885075157743984e-06,2.71909498464047e-06,-4.1805088869444404e-07,12.0
0.5954999999999999,1.2132167143534986,0.42971663998712906,1.6892298078623955,0.060467694253710465,-0.013325957492581223,-0.01061799133803252,0.0022186186340211003,0.0011547427270563334,-0.0001950207033776827,-8.916675928748237e-05,5.752568415020333e-06,2.6501026579154275e-06,-3.422098016498536e-07,12.0
0.5985,1.2106356942836698,0.42595730282711125,1.6861255601887342,0.06194652687086436,-0.012796887849133878,-0.010796127179513492,0.002140309977765982,0.0011750223576478104,-0.0001870091354976514,-9.116747461222074e-05,5.322076470304554e-06,2.739533036790118e-06,-3.6880948332586444e-07,12.0
0.6015000000000001,1.2078959660856419,0.4220416985836087,1.6827221425636163,0.06333325687616885,-0.012182462779657236,-0.010919698406163147,0.0020454168526361826,0.0011838137834214375,-0.00017713297792958124,-9.218856309602215e-05,4.214864610139606e-06,2.7423394301838837e-06,-2.7923970448692604e-07,12.0
0.6044999999999998,1.2052134590617005,0.418101817685237,1.6791487445182565,0.06467090062329307,-0.011555012450818301,-0.011024356919387282,0.001948477499323789,0.0011872193287453933,-0.00016862679122076787,-9.270270077770017e-05,3.592982102508048e-06,2.9040557044070795e-06,-1.6389811844674485e-07,12.0
0.6074999999999999,1.2025489791018558,0.41410808684685596,1.675453936563285,0.06599923190505011,-0.010912108736360322,-0.01112582745914478,0.0018470590172579425,0.0011905403799832132,-0.00015799263518955398,-9.181267327275487e-05,3.518605799789998e-06,3.2151461991169345e-06,-2.178822268426226e-08,12.0
0.6105,1.1998856555678163,0.4100290970438952,1.6715977795807877,0.06731784089191543,-0.010245085780113638,-0.011218324854112784,0.001743337304999534,0.0011944218944764653,-0.00014592190324601008,-9.06630633702819e-05,3.2387124837436844e-06,3.3844606208797918e-06,8.167169344478641e-08,12.0
0.6135000000000002,1.1972208181621782,0.40585978158701774,1.6675691179797218,0.06862240407619384,-0.009553832906631695,-0.011300860885806844,0.001635507246449475,0.0011958620861929287,-0.00013462324831783572,-9.030978748070188e-05,2.4024061836269015e-06,3.3336646212080426e-06,1.355774663131579e-07,12.0
0.6164999999999998,1.1945487412206786,0.4016014403273084,1.6633731634103839,0.0699097201648158,-0.008840676894222603,-0.011372332658073489,0.0015249196982685667,0.0011957103561421355,-0.00012311610623235323,-8.98360468994622e-05,1.5537742317069192e-06,3.2765022538744314e-06,1.900994485067671e-07,12.0
0.6194999999999999,1.1918593078628752,0.3972565972099732,1.6590203471073424,0.07117606426452765,-0.008108722747773136,-0.011431452687667747,0.0014128805566966996,0.0011940074524628616,-0.000111498711038054,-8.920929433462412e-05,7.160784014372507e-07,3.2118940897808705e-06,2.427563313286015e-07,12.0
0.6225,1.1891411453327216,0.39282870082170984,1.654521951060685,0.07241713727320574,-0.0073611096841975495,-0.011476816685338405,0.0013006145492175081,0.0011907699395883587,-9.98324228867374e-05,-8.838320815943851e-05,-8.7936525118925e-08,3.14000125708496e-06,2.921840014956709e-07,12.0
0.6255000000000002,1.186384859062518,0.3883215966124281,1.6498858827985685,0.07362822419847442,-0.006600248116818172,-0.01150697349773108,0.0011889365323904174,0.0011859303029320846,-8.812387328156254e-05,-8.730711278002533e-05,-8.452991073312897e-07,3.0615058593084776e-06,3.388207136727322e-07,12.0
0.6284999999999998,1.1835847908681418,0.3837388138793672,1.6451147118120466,0.07480458953170357,-0.005827534934445333,-0.011520554094919,0.0010781351130961729,0.0011793061071810585,-7.634901751814588e-05,-8.594231429485541e-05,-1.5582707657483156e-06,2.976063476287345e-06,3.844781871784233e-07,12.0
0.6315,1.1807390289751636,0.37908281047325376,1.6402061756695616,0.07594201096968503,-0.005043557627321583,-0.011516431242412006,0.0009680773270255287,0.001170611511580609,-6.4503938181259e-05,-8.427896415588832e-05,-2.244437512798066e-06,2.8806407165636702e-06,4.3107965004182677e-07,12.0
0.6345000000000001,1.1778484765459731,0.37435438869898324,1.6351548727042435,0.07703726828634193,-0.004248484664850454,-0.011493832854452315,0.0008584296088691058,0.0011595068125415749,-5.2647270716658874e-05,-8.234417187192697e-05,-2.931838026596177e-06,2.7688816718915504e-06,4.794032933088995e-07,12.0
0.6375000000000002,1.1749159018630044,0.3695524749814268,1.6299537524384762,0.07808840725991477,-0.003442346562538896,-0.011452342983826096,0.000748879467674463,0.0011456702016576841,-4.090717583920211e-05,-8.019520102837957e-05,-3.6504071954184954e-06,2.632287012361871e-06,5.285485518734224e-07,12.0
0.6404999999999998,1.1719453880588477,0.3646743425239307,1.6245947863745187,0.0790946864994968,-0.002625104296015761,-0.011391781974503665,0.0006392903352425816,0.0011288697028094632,-2.9450989900180483e-05,-7.78997305342174e-05,-4.4221147186094925e-06,2.462897273297057e-06,5.7627720027174e-07,12.0
0.6435,1.168942096636892,0.35971620881120503,1.619068968801324,0.08005623429477507,-0.00179657408339745,-0.01131201694473289,0.0005297706025740454,0.0011090119462383197,-1.8438134329716213e-05,-7.551293895119295e-05,-5.253360083708713e-06,2.2561121098905786e-06,6.198464789253628e-07,12.0
0.6465000000000001,1.1659120651688872,0.3546740256556337,1.6133661278882714,0.08097353629777851,-0.0009563391519600817,-0.011212780212556596,0.000420667518045693,0.0010861518756581185,-7.982979448536625e-06,-7.306274207894071e-05,-6.132775050369852e-06,2.012129794927517e-06,6.567764829378183e-07,12.0
0.6495000000000002,1.1628617939216555,0.3495442421256793,1.6074750214453941,0.08184690993877727,-0.0001037607745463087,-0.011093559992631024,0.00031251717408884366,0.0010604643426611936,1.8558200942611476e-06,-7.054869821011547e-05,-7.034818087736592e-06,1.7354207959297083e-06,6.851833520395654e-07,12.0
0.6524999999999999,1.159804199228793,0.34432448878967187,1.6013748448894463,0.08267597994689864,0.0007639353823160588,-0.010953182961774756,0.0002054429266781901,0.0010321409310927528,1.1171702153274441e-05,-6.79461929868388e-05,-7.9439747662703e-06,1.432524288869597e-06,7.059888659714105e-07,12.0
0.6555,1.1567532989134655,0.3390140778656381,1.595042252512193,0.08345926540836261,0.0016499996597882792,-0.010790060900192132,9.950523450178686e-05,0.0010013714883560115,2.0108147572815863e-05,-6.522098752436393e-05,-8.848523514422519e-06,1.110324318223413e-06,7.210141299235069e-07,12.0
0.6585000000000001,1.1537163215482762,0.3336138705107979,1.5884622715276357,0.08419426444396093,0.002555682679622391,-0.010602737978663719,-4.726185399442977e-06,0.0009683786926333109,2.8719646760530962e-05,-6.23431250023733e-05,-9.724652638125915e-06,7.754717475557265e-07,7.303055868025976e-07,12.0
0.6615000000000002,1.1507007577472421,0.32812610425334277,1.581618949351141,0.0848775614831155,0.0034823906418649337,-0.010389582034166855,-0.00010678913330748644,0.0009333586100880783,3.708776131077375e-05,-5.928422444020359e-05,-1.0556237905458837e-05,4.340820912264424e-07,7.347229467314988e-07,12.0
0.6644999999999999,1.1477143985936145,0.3225544144410975,1.574495596258956,0.08550478502110649,0.004431654259596851,-0.010148800192194581,-0.00020634759074988343,0.0008964777231459352,4.532743213275552e-05,-5.601513369913529e-05,-1.1334691956029136e-05,9.215455683503217e-08,7.361991232982734e-07,12.0
0.6675,1.1447485712397434,0.31690328660590134,1.5670982090729868,0.08607107466051575,0.0054000029816189165,-0.009879574249526268,-0.0003019217898266341,0.0008580119138582251,5.333279496104115e-05,-5.251614736934667e-05,-1.2017620678111243e-05,-2.4322382852275326e-07,7.326227494813907e-07,12.0
0.6705000000000001,1.1417724820885415,0.311177004206815,1.55946401673851,0.08657201564067103,0.006377297642062805,-0.00958270639097757,-0.0003905373981814637,0.0008184161342736934,6.070251374513232e-05,-4.878324559769388e-05,-1.2517002960233803e-05,-5.633986192161186e-07,7.163733337962757e-07,12.0
0.6735000000000002,1.138751359646974,0.30537914569737507,1.5516376853089966,0.08700415559922242,0.007352140944332738,-0.009259748292676201,-0.00046912357412026327,0.0007782105628384799,6.701538256364748e-05,-4.4820562949916e-05,-1.2743844906343375e-05,-8.591606574265137e-07,6.798652677377632e-07,12.0
0.6764999999999999,1.135667266936701,0.2995130579140805,1.5436438629125384,0.0873647356030819,0.00831782016791796,-0.0089117308926326,-0.0005359553990327637,0.0007378306082981124,7.211592742258125e-05,-4.0631414664059665e-05,-1.2655407416662134e-05,-1.1223519282669805e-06,6.211354776332738e-07,12.0
0.6795,1.1325233443741947,0.2935827157760158,1.5354821117951023,0.08765111916265604,0.00927317724938459,-0.008538782488859439,-0.0005908010879230983,0.0006975864069996703,7.613875618491762e-05,-3.621964309226568e-05,-1.2262078094506206e-05,-1.3470500325190923e-06,5.441247925995991e-07,12.0
0.6825000000000001,1.129334531693782,0.2875932978886569,1.527139901428729,0.08786046440175006,0.010219604917699694,-0.008140619305626125,-0.0006341541432585882,0.0006577157986446903,7.934592734151932e-05,-3.159891435264947e-05,-1.160502475068694e-05,-1.5301655733456211e-06,4.5529136743228054e-07,12.0
0.6855000000000002,1.1261171638215928,0.2815513023340998,1.5186067215026893,0.08798975837999652,0.011157973310644493,-0.007717194366799349,-0.0006665026797918047,0.0006184458693126065,8.196998527139142e-05,-2.6801577394664137e-05,-1.0733926070571213e-05,-1.6716817808480149e-06,3.604337024086365e-07,12.0
0.6884999999999999,1.1228839257419705,0.2754643430906228,1.5098805211992492,0.08803606324740604,0.012087352176284108,-0.007269058157312303,-0.0006880574578268599,0.0005800203631871881,8.415129912036829e-05,-2.188221815974616e-05,-9.697700955776806e-06,-1.7746064863159627e-06,2.634362166605533e-07,12.0
0.6915,1.1196433460339832,0.26934078269050915,1.5009676811835369,0.08799682134715549,0.013005183044420408,-0.006797427943640615,-0.0006988201112590857,0.0005427008891061273,8.594943041198501e-05,-1.6915588664801427e-05,-8.544484282890338e-06,-1.8445422003625232e-06,1.6648684223587603e-07,12.0
0.6945000000000001,1.1164009292407686,0.26318929384986717,1.491880612402705,0.0878701385876431,0.013907958124277347,-0.006304119707185436,-0.0006987486151294178,0.0005067618077930902,8.73808049521669e-05,-1.1990380588880339e-05,-7.32343253150887e-06,-1.8888399041718962e-06,7.080076493656682e-08,12.0
0.6974999999999998,1.113160234936674,0.25701842458534013,1.4826354824865553,0.08765499916471907,0.014791829453900056,-0.00579144366181623,-0.0006878804954132964,0.00047248772342762147,8.845308634084897e-05,-7.20048239121624e-06,-6.084438625202688e-06,-1.9154718708452783e-06,-2.273921605999922e-08,12.0
0.7004999999999999,1.1099236078998944,0.2508362391383363,1.4732506610923928,0.08735137515412245,0.01565299250951644,-0.00526208861745316,-0.0006663818577094902,0.0004401718405176014,8.918649231840276e-05,-2.6354074807304188e-06,-4.875429457701463e-06,-1.931882204946079e-06,-1.1321409478676872e-07,12.0
0.7035,1.1066927995605766,0.24465007286382906,1.4637456543173561,0.08696021934626494,0.016487878706712082,-0.004718994372965446,-0.0006345388589341626,0.00041011070451592145,8.962163518730357e-05,1.6282793412345697e-06,-3.7385199026876292e-06,-1.9440841380953602e-06,-1.9956792695989853e-07,12.0
0.7065000000000001,1.1034696668462591,0.23846638198301814,1.4541402317426853,0.08648336799610944,0.017293228486877223,-0.004165218862202581,-0.0005927186981501689,0.0003825933975894583,8.981655554822116e-05,5.532892634794697e-06,-2.7064867828332987e-06,-1.956181126526153e-06,-2.8070486277936944e-07,12.0
0.7094999999999998,1.1002569176891202,0.2322906358631619,1.4444536252590015,0.0859234040977055,0.018066101329937346,-0.0036038176732517565,-0.0005413232648544142,0.00035788680411592686,8.983679173802197e-05,9.041996349680364e-06,-1.8005795241877764e-06,-1.970345496871247e-06,-3.556923576665308e-07,12.0
0.7124999999999999,1.0970590443558892,0.22612722912092348,1.4347034217076395,0.08528351698025859,0.018803935069912778,-0.003037734255204444,-0.00048076589807199255,0.0003362196734656131,8.974618377615933e-05,1.2139450488513534e-05,-1.0305236565539652e-06,-1.9871552066127552e-06,-4.239187167114532e-07,12.0
0.7155,1.09388348823095,0.21997949960256272,1.4249039720047296,0.08456733112550086,0.019504711061674087,-0.0024696871708096762,-0.00041148374873387387,0.0003177678752999651,8.960407697765346e-05,1.4826410463725114e-05,-3.967101803655637e-07,-2.006120457164217e-06,-4.851083709108962e-07,12.0
0.7185000000000001,1.0908303740488723,0.21385176507192458,1.414950865701891,0.08377729937276149,0.020188523889170334,-0.0018970720942229635,-0.0003378790080150207,0.000302496183482996,9.034452050383734e-05,1.7140292006262403e-05,-1.5050111253717918e-08,-2.0257951679111975e-06,-5.242733599223371e-07,12.0
0.7214999999999998,1.0879371475241026,0.20775062088772459,1.404819288342783,0.08291389257228615,0.020859621010531283,-0.0013201957038012216,-0.00026130958276887194,0.00029040318462997424,9.22437424445867e-05,1.9123231936406014e-05,9.6233168575287e-08,-2.0458883317534874e-06,-5.382931819940035e-07,12.0
0.7244999999999999,1.0851113931469358,0.201679466501989,1.394649778071701,0.08197968951822861,0.02149138349072068,-0.0007465484790656666,-0.00017760049949303326,0.0002816080227577863,9.430099808494095e-05,2.079043400997769e-05,9.468678684098043e-08,-2.067104661099154e-06,-5.454378386772736e-07,12.0
0.7275,1.0822636761793147,0.19563734732932098,1.38457714068185,0.08098050814821792,0.022059217405310843,-0.00018377562946652782,-8.313000462552941e-05,0.0002761674444875475,9.556950619348529e-05,2.2147590875380996e-05,1.2517482109949714e-07,-2.0891654592626814e-06,-5.622097554835244e-07,12.0
0.7305000000000001,1.0793864624367098,0.18962337711289975,1.3746290178754976,0.07992256851726438,0.02255894141867291,0.00036499735698917047,2.200734406780687e-05,0.00027400521716741243,9.591248415796089e-05,2.3214069841983127e-05,2.1954158933379407e-07,-2.1104431315704284e-06,-5.912610093326872e-07,12.0
0.7334999999999998,1.076519274117375,0.1836400452011673,1.3647703359088563,0.07881038976526665,0.022997890280791335,0.0008995799937564391,0.0001356834650417729,0.00027496616940263555,9.566088027871895e-05,2.4023687215184735e-05,3.4675209293660723e-07,-2.1289663168662793e-06,-6.276369860093071e-07,12.0
0.7364999999999999,1.0736996104959118,0.17769353396800583,1.3549658886367806,0.07764676484317375,0.023383315069151735,0.0014200832536155838,0.00025575594285299667,0.00027886112728048247,9.515491071462812e-05,2.4615389991242304e-05,4.750345018740963e-07,-2.143075191684069e-06,-6.663051640723884e-07,12.0
0.7395,1.0709471895645046,0.17179277896650075,1.3452006389704498,0.07643355161541183,0.023718916675281858,0.0019259523202427677,0.000380631339147257,0.0002854805984477816,9.460226524664203e-05,2.5026910708441437e-05,5.899549976725126e-07,-2.1513428684171943e-06,-7.042726231761091e-07,12.0
0.7425000000000002,1.0682683393363097,0.16594848890431668,1.3354747320794176,0.07517237216414377,0.024005971263154742,0.0024160749017644455,0.0005090711591385245,0.00029460178645295096,9.411508341999334e-05,2.5292893650827937e-05,6.89226542108311e-07,-2.1522274123858623e-06,-7.399001760975847e-07,12.0
0.7454999999999998,1.065662954102971,0.16017234670110517,1.3257954659929156,0.07386505773073217,0.024244874733269226,0.0028890639061761913,0.0006399628338632172,0.0003059981875194695,9.37633014001992e-05,2.544523754495218e-05,7.761658367882459e-07,-2.143801229615032e-06,-7.720702861806845e-07,12.0
0.7484999999999999,1.0631286444787251,0.1544763489739601,1.3161728000988755,0.07251389817286992,0.02443595708761082,0.0033434378130777873,0.0007722311346590962,0.0003194497704624145,9.36011873898187e-05,2.551429195402009e-05,8.570344778686507e-07,-2.123642032033822e-06,-7.99836963059069e-07,12.0
0.7515000000000001,1.0606626115984528,0.1488722767387729,1.3066175378444986,0.07112173878918199,0.024579779226484688,0.0037777274870125243,0.0009048374775290845,0.00033475125220971155,9.36767019542123e-05,2.5530369733597953e-05,9.405421736579905e-07,-2.0888753883093713e-06,-8.22362391244415e-07,12.0
0.7545000000000002,1.058262369630142,0.14337130369294362,1.2971406702150863,0.06969194963253562,0.024677216104204255,0.004190562220540726,0.0010368064739033544,0.0003517173266045419,9.403565320191028e-05,2.552512302851943e-05,1.0376234758770177e-06,-2.0363514147635047e-06,-8.389317106315268e-07,12.0
0.7574999999999998,1.0559258871874198,0.1379837192688372,1.2877531629705337,0.06822830131972382,0.024729466564583406,0.004580750956614681,0.0011672513165906931,0.0003701842468947011,9.472505729252413e-05,2.5532277346834984e-05,1.160712144232748e-06,-1.9629323308919024e-06,-8.489632182990466e-07,12.0
0.7605,1.0536514017517746,0.1327187224109967,1.2784659349568397,0.06673479161235335,0.024738033904357276,0.004947353028324063,0.0012953888089387222,0.00039000746775764864,9.579578935369248e-05,2.558735265894036e-05,1.3224574578045462e-06,-1.8658474900199255e-06,-8.520009384762902e-07,12.0
0.7635000000000001,1.051437077689822,0.1275842501999072,1.2692899075741861,0.06521546668849039,0.024704689442342196,0.005289727627846963,0.0014205425410645381,0.0004110556268793481,9.730351171643966e-05,2.57263170639727e-05,1.5341619928920992e-06,-1.7430495029031043e-06,-8.476980479981515e-07,12.0
0.7665000000000002,1.0492806561037071,0.12258683432188014,1.260236032415717,0.06367427065010922,0.02463142386508882,0.005607553793219724,0.0015421358790804866,0.0004332019388930253,9.930724948829541e-05,2.5983492510656822e-05,1.804347155034355e-06,-1.5934928377895465e-06,-8.358011285171942e-07,12.0
0.7694999999999999,1.0471791516653972,0.11773150563789335,1.251315305139064,0.06211494151616629,0.024520377635313298,0.005900816285892245,0.0016596797239114736,0.0004563145487767761,0.00010186536729087849,2.6389307713435523e-05,2.1378839572133537e-06,-1.4172647469876967e-06,-8.161455862885689e-07,12.0
0.7725,1.0451301481734308,0.11302179389805221,1.2425370197270014,0.060540943461972474,0.02437402564016094,0.006169815807729723,0.001772723808667315,0.0004802528310000099,0.00010504012898825267,2.6969052059296278e-05,2.534958524928578e-06,-1.2155066362396898e-06,-7.885476120900369e-07,12.0
0.7755000000000001,1.043139058463483,0.10846003646552257,1.23390038612002,0.05895530980461853,0.024196353314858806,0.006415370635554011,0.0018806859354566182,0.0005048847728620442,0.00010893941666390056,2.7745006419564647e-05,2.987604790226834e-06,-9.900742400504813e-07,-7.523124199453408e-07,12.0
0.7785000000000002,1.0416529335591826,0.10405598748512276,1.224890322721474,0.05735545913760181,0.024070936006973558,0.006653703321982545,0.0019727627312131867,0.0005316195353799126,0.00011665710049973293,2.8883668807264654e-05,3.210697371827117e-06,-7.368371833813894e-07,-6.748035908756392e-07,12.0
0.7814999999999999,1.0401574563898046,0.09981743956893219,1.2161080764423362,0.05573917994285846,0.0239064054227297,0.006868796041112541,0.0020603603070706855,0.0005582331542045144,0.0001247735105017003,3.0262277170790042e-05,3.523320412748868e-06,-4.669485742945753e-07,-5.931972575188075e-07,12.0
0.7845,1.0384363515311064,0.09573211544084147,1.2078108794847526,0.05411549715463485,0.02366672051177347,0.007053743627456892,0.0021483134250513767,0.0005838365546992734,0.00013181159728655495,3.179600845323547e-05,4.0525589300755755e-06,-1.851731646349086e-07,-5.228935066098609e-07,12.0
0.7875000000000001,1.0366009287325333,0.09178903346649453,1.1998760227965726,0.052492301138946956,0.023374537670823117,0.007212599809377916,0.002234076950811089,0.0006087821679446434,0.00013848503671560393,3.3508864164023e-05,4.729555425539791e-06,1.0950855755294301e-07,-4.5641054970929764e-07,12.0
0.7905000000000002,1.0347575468977088,0.08798078789136397,1.1921876992007445,0.050874847482932424,0.02305039058441839,0.007349287698917464,0.002315374569946025,0.0006333823615168989,0.0001454485495499752,3.543704259373842e-05,5.497507539457884e-06,4.1835538861747277e-07,-3.872449053386841e-07,12.0
0.7934999999999999,1.0329504700202585,0.08429982652222712,1.1847037490933876,0.04926805837995822,0.022702751534331336,0.007465553371411761,0.002391522143067962,0.000657737225038645,0.0001529062445789935,3.759779144192281e-05,6.342510120521671e-06,7.418880024343079e-07,-3.1367602186278655e-07,12.0
0.7965,1.031197897713907,0.08073747801103784,1.1774136403375384,0.047677269937775255,0.022334828715263197,0.007562155578448605,0.0024625769912803006,0.0006818825332828008,0.0001608562527238275,3.9994429684050964e-05,7.268205045050661e-06,1.0801330153012554e-06,-2.3612358690738792e-07,12.0
0.7995000000000001,1.0295121935684761,0.07728461448042542,1.1703140571531698,0.04610796972282595,0.02194849146016343,0.007639625592482905,0.0025287964980248863,0.0007058492982278832,0.00016923499118224648,4.2619697936616405e-05,8.27989629808183e-06,1.4324174961452054e-06,-1.5561550999862503e-07,12.0
0.8025000000000002,1.027903877063243,0.07393278299493564,1.1634028159369887,0.044565250778662274,0.021545355417305595,0.007698529454950315,0.002590428432286029,0.0007296482579266208,0.00017795606883000414,4.545436435696875e-05,9.377918663772058e-06,1.7968774262882832e-06,-7.33270402975389e-08,12.0
0.8054999999999999,1.0263806303329097,0.07067532402477801,1.1566785092413947,0.043053273875335266,0.02112699158881279,0.007739555146840137,0.0026476072373149123,0.0007532331882814616,0.0001869165325293952,4.846483870811544e-05,1.055438416151439e-05,2.1700267402403295e-06,9.554043539353806e-09,12.0
0.8085,1.0249458324301373,0.06750807896277036,1.1501411272268403,0.041574921568775305,0.02069495927612957,0.007763531423214425,0.0027002923483039052,0.0007764707905666149,0.00019599737900220977,5.160202979501527e-05,1.1791783651211972e-05,2.546593277333589e-06,9.188710790347806e-08,12.0
0.8115000000000001,1.02359795713974,0.06442938269388945,1.1437924754344149,0.04013176170247246,0.020250809068352967,0.007771398594688658,0.0027482514127184117,0.0007991309437513142,0.00020506480936496519,5.480254265796029e-05,1.3063520763418767e-05,2.9197221346732724e-06,1.7260958770716003e-07,12.0
0.8144999999999998,1.0223311755864966,0.06143930609472659,1.1376361222530589,0.03872432239028071,0.01979607853227106,0.007764146184164604,0.0027910946839798507,0.0008209024705150619,0.0002139741610512488,5.799269419581898e-05,1.4336413502406054e-05,3.281555643388311e-06,2.507520155968422e-07,12.0
0.8174999999999999,1.02113698552634,0.05853844377988942,1.131676903896543,0.0373525539114132,0.019332284940224837,0.00774274328594596,0.00282835269694154,0.0008414312315908213,0.00022257741540747668,6.109520996653688e-05,1.557474409092822e-05,3.6241064338478356e-06,3.254525624899979e-07,12.0
0.8205,1.0200063348927628,0.05572675754235633,1.1259201622713002,0.03601628003864562,0.018860920297629424,0.00770809192201567,0.0028595758590273758,0.0008603706942178904,0.00023073425560353125,6.403777873699584e-05,1.6745029094774082e-05,3.940262304220125e-06,3.9598512892188673e-07,12.0
0.8235000000000001,1.0189315786638313,0.053002968532768986,1.1203709294312936,0.034715461978155115,0.01838345704007879,0.00766102501920888,0.002884429197276792,0.0008774323679742217,0.0002383254645542295,6.676203332037749e-05,1.7820505406983922e-05,4.2247231621721064e-06,4.618045642232469e-07,12.0
0.8264999999999998,1.0179077219383112,0.050364755410295683,1.1150332214481862,0.03345019863314792,0.017901371844932772,0.0076023515589863765,0.0029027595333448023,0.0008924250426214463,0.00024526637058406875,6.923121123545724e-05,1.8784429319348818e-05,4.474683782566887e-06,5.225993172737586e-07,12.0
0.8294999999999999,1.0169325386842207,0.04780967296575561,1.109909679907777,0.03222051587849585,0.017416164708613457,0.007532927917664012,0.0029146259412062697,0.0009052755444521039,0.00025151667325872093,7.143480544333958e-05,1.9631653710281533e-05,4.6901296252374974e-06,5.78325766443039e-07,12.0
0.8325,1.0160098689683206,0.04533644641916512,1.1049970625716485,0.031026065936298922,0.01692997533196233,0.0074537965175433445,0.0029202192780550798,0.0009160452990996555,0.0002571059176962396,7.339125598833355e-05,2.036720291911521e-05,4.873862213910525e-06,6.294076842089482e-07,12.0
0.8355000000000001,1.015166668057081,0.042946476498059535,1.1002669260467473,0.02986571342132734,0.016448179663634353,0.007366531609194472,0.002919506581312731,0.0009249763848295293,0.00026222164022391174,7.515393032021509e-05,2.0999942190686527e-05,5.031693021136029e-06,6.775370643148443e-07,12.0
0.8384999999999998,1.0154572371337414,0.04066304320841018,1.0945937694375314,0.028727456949425016,0.01612462266507489,0.007289655975041661,0.0028939922425792308,0.0009360423838906943,0.00027233311878011073,7.731690553384492e-05,2.1288384629442842e-05,5.211329125795919e-06,7.728882742647523e-07,12.0
0.8414999999999999,1.0150192218832068,0.03849619371276943,1.0899581080737908,0.027607287985061745,0.015690608481800178,0.007196139627719646,0.002877216380157288,0.0009422278546913645,0.00027800750995759003,7.902708004881236e-05,2.1720130741606423e-05,5.34361453076714e-06,8.28878284333426e-07,12.0
0.8445,1.0143149807898835,0.03642806004306857,1.0858630096963962,0.026516952970589175,0.015215417058638213,0.007092999147967066,0.002862219506741138,0.0009460181856154219,0.0002817258731966791,8.054916000635642e-05,2.2203909172538637e-05,5.454500008524468e-06,8.674757671417149e-07,12.0
0.8475000000000001,1.0136054811958426,0.034462560129650925,1.0820168243000587,0.025457793781879873,0.014739598056643339,0.006985180156718516,0.002844820873582116,0.0009487347924788621,0.000284962376701416,8.206126784326269e-05,2.2691737715969577e-05,5.560206655499844e-06,9.016841986728066e-07,12.0
0.8504999999999998,1.0129303769537445,0.032608347562216054,1.078359203299059,0.024429063071335272,0.014271700650762545,0.006874232212227782,0.0028245391740799584,0.0009507290509965568,0.00028803776053637026,8.361638694842207e-05,2.3181918217155502e-05,5.665749217029849e-06,9.341040330283925e-07,12.0
0.8534999999999999,1.0122836199973408,0.030874754423363647,1.074874691409521,0.023429665972934954,0.01381390808137518,0.006760806427750868,0.0028014896007346538,0.0009520902085402579,0.0002910127839566117,8.522209202446496e-05,2.3674111861981054e-05,5.772068506713567e-06,9.651004478547862e-07,12.0
0.8565,1.0116513061212185,0.02926992896471575,1.0715533297261959,0.02245835112678463,0.01336755858304407,0.006645217431973373,0.0027756812285502784,0.0009527839299808367,0.0002938807613638885,8.685851966290361e-05,2.4159774514190328e-05,5.877686203343882e-06,9.945921037225454e-07,12.0
0.8595000000000002,1.0110171505697196,0.027798503124644283,1.0683870615300186,0.021514039677619293,0.012933733454535577,0.0065275117616219,0.0027469626887138008,0.0009526813620299523,0.0002965924810626978,8.848313009379752e-05,2.462234107837173e-05,5.979229131072551e-06,1.0222804462009824e-06,12.0
0.8624999999999998,1.0103655905589035,0.026459261307251878,1.0653700017150762,0.02059631785379442,0.012513191986624398,0.006407490202911075,0.00271508868698793,0.0009515897543346098,0.000299063717366248,9.003649267567631e-05,2.5039803371429587e-05,6.072015478329661e-06,1.0476907383263125e-06,12.0
0.8654999999999999,1.009685842569071,0.025243405070470973,1.06249829256496,0.019705986385290745,0.012106208075550115,0.0062847334644283385,0.0026798310327687306,0.0009492938955863768,0.0003011824032516121,9.145000507230138e-05,2.5388501970930847e-05,6.150782916094149e-06,1.070186640266314e-06,12.0
0.8685,1.008976148907004,0.024134012106950594,1.0597690140497036,0.018845495826900382,0.011712433461972285,0.006158633285915258,0.0026411008735333598,0.0009456032321243522,0.0003028167603289903,9.26544546106353e-05,2.564744380881755e-05,6.210479836735097e-06,1.0889785673225929e-06,12.0
0.8715000000000002,1.0082465974388939,0.023107225538562513,1.057178365564368,0.018019026083163935,0.011330884770346456,0.006028442796756378,0.0025990408984656673,0.0009403945842817292,0.00030382563996039465,9.358816251760041e-05,2.5802190042271434e-05,6.24700251436993e-06,1.10314990021955e-06,12.0
0.8744999999999998,1.0075188292071025,0.02213545048006899,1.0547198882368858,0.017231958397634785,0.010960107392443907,0.0058933784409675284,0.0025540480359200297,0.0009336369698572689,0.00030407272003940414,9.420373432594615e-05,2.5847220157199296e-05,6.257738838157918e-06,1.1117326502113544e-06,12.0
0.8775,1.0068217476614265,0.02119230586790118,1.0523837233034792,0.01648962080048352,0.010598493751030934,0.005752806203809862,0.0025067081901527294,0.0009253870335849112,0.0003034451298828415,9.44729056271806e-05,2.5785970041171264e-05,6.24180022222662e-06,1.1138531550752386e-06,12.0
0.8805000000000001,1.0061839894665152,0.020258273027782943,1.0501575168817754,0.0157955234539649,0.01024466127336491,0.005606503200877098,0.002457662365653968,0.000915754951856585,0.00030187437899739043,9.438932744669585e-05,2.5628573408724354e-05,6.1999165532203615e-06,1.1089335243234393e-06,12.0
0.8835000000000002,1.005625794377317,0.01932515382830334,1.048028668487028,0.015149743344487248,0.009897761221788318,0.005454908361488322,0.002407462758185834,0.0009048584649980614,0.0002993542372367128,9.396921175989222e-05,2.538842976926303e-05,6.134110122186241e-06,1.0968884747068405e-06,12.0
0.8864999999999998,1.005153814282544,0.01839726999118704,1.0459867485663512,0.014548336781113618,0.009557611848007495,0.0052992213172174205,0.002356491449169834,0.000892794085909793,0.00029594878962696405,9.324970718448303e-05,2.5079373812682192e-05,6.0473596317491055e-06,1.0782319854377212e-06,12.0
0.8895,1.0047610734367307,0.017488434043738538,1.0440250014755388,0.013984309807948946,0.009224593234902828,0.005141246273539208,0.002304987598356856,0.0008796455793035231,0.00029178544638953566,9.228492921184477e-05,2.4714814523803813e-05,5.943410486515053e-06,1.0540256777330793e-06,12.0
0.8925000000000001,1.0044379963227015,0.016616031336057185,1.042134114681967,0.013449733423654055,0.008900148775964557,0.004983071106201584,0.0022530538304359835,0.0008655369831203054,0.00028705852897934235,9.114295911283179e-05,2.430787166105661e-05,5.8269950999744855e-06,1.0259100649730876e-06,12.0
0.8955000000000002,1.004216395986382,0.01579559836913838,1.0402634424133226,0.01293763109099144,0.008591235398367076,0.004826948393298719,0.0022001132391790655,0.0008507496175749387,0.0002821477204178714,8.99155919055026e-05,2.3867147344071016e-05,5.705356203727222e-06,9.972256569034916e-07,12.0
0.8984999999999999,1.0058097002554363,0.015065582569875675,1.036650089071949,0.012428676164061804,0.008523216375149361,0.004687258633004313,0.0021149863321988194,0.0008392140770561261,0.0002840550891344309,8.94188689720191e-05,2.313600823923892e-05,5.658695390289571e-06,1.0339792012503603e-06,12.0
0.9015,1.005737656281896,0.01442697579525484,1.0348382134540832,0.011921770414103269,0.008243505679986756,0.0045428958517007845,0.002060998778749804,0.0008229445942775155,0.0002791626045271106,8.823316499219133e-05,2.2670989020993146e-05,5.535929805306623e-06,1.0072953020842975e-06,12.0
0.9045000000000001,1.0055029816137415,0.013838468957601659,1.033287696619182,0.011436025188377065,0.00794989462648585,0.004401546822067386,0.0020117424644914388,0.0008064036264991646,0.0002736845472229279,8.704705139217263e-05,2.226180778943747e-05,5.414039819320761e-06,9.755054162162225e-07,12.0
0.9075000000000002,1.0052620247534756,0.013282707298321804,1.0318248563002985,0.010976924130226289,0.007665720733322635,0.004264049030082952,0.001964308859934108,0.0007903451001516211,0.00026847309327108153,8.597347608318644e-05,2.1891571918071127e-05,5.305231356597419e-06,9.463595714577473e-07,12.0
0.9104999999999999,1.0050059621450298,0.012737394141659825,1.030443592854555,0.01055067236349033,0.0073930124976308055,0.004129878171866654,0.0019185997039545212,0.0007750856037591732,0.00026370672750194226,8.504233127422878e-05,2.1563368790713015e-05,5.212909912712881e-06,9.213152109749539e-07,12.0
0.9135,1.0047222735964796,0.012181239310201559,1.029145562436633,0.010162000334414677,0.007132405452820891,0.003998576763245923,0.001874574779017751,0.0007608073530642776,0.0002594851503224362,8.426816821911636e-05,2.127759692152266e-05,5.138520924197995e-06,9.01134012886709e-07,12.0
0.9165000000000001,1.0044095110066542,0.011600927032231902,1.0279308285165631,0.009811665268912678,0.006883763621220468,0.0038702253198524077,0.0018322063411865407,0.0007475191951726444,0.0002558379753026296,8.365646145883553e-05,2.103278916736786e-05,5.081722465631901e-06,8.85963807711108e-07,12.0
0.9195000000000002,1.0040794607709207,0.01099462410491362,1.0267978454364333,0.009495726013214932,0.006646031370869487,0.003745533458396496,0.0017915222425153763,0.0007350539766255332,0.00025272110787077874,8.320487172614365e-05,2.082649449869255e-05,5.040487102509343e-06,8.753113297396616e-07,12.0
0.9224999999999999,1.0037531385291076,0.010371286195437597,1.0257448691951818,0.009206746200430134,0.006417389600677624,0.003625581011550875,0.0017525773198365901,0.0007231203833894666,0.0002500330487771081,8.29024829062057e-05,2.0654777376776956e-05,5.01146719196379e-06,8.682015644468357e-07,12.0
0.9255,1.0034531603598917,0.009747557290414016,1.024771418241258,0.008935900283762213,0.006195679482702926,0.0035114123977253147,0.0017153747047422509,0.000711379734723031,0.0002476434856944328,8.272879019612148e-05,2.0511104926391198e-05,4.990508676094417e-06,8.634404493994503e-07,12.0
0.9285000000000001,1.0031957052335256,0.009144578322550457,1.0238788354529782,0.00867470508585346,0.005978935972991902,0.0034037348033339114,0.0016797793010894279,0.0006995108221590766,0.00024542309990958065,8.265436373355713e-05,2.0385524598061323e-05,4.9731549431085835e-06,8.598739751003411e-07,12.0
0.9315000000000002,1.002984446914605,0.008585911901749529,1.0230698161175606,0.008415659278407005,0.005765848283069091,0.0033028606423703235,0.0016454591092130192,0.0006872412482922795,0.00024326695470629147,8.264397743700479e-05,2.02645590163923e-05,4.955032553980876e-06,8.565817106708611e-07,12.0
0.9344999999999999,1.002807890505758,0.008096241865293629,1.022347337136257,0.008151926822428695,0.005555987429788507,0.0032088634297974305,0.0016118802269269599,0.0006743479159656886,0.00024110785793322827,8.266149515268867e-05,2.0131903833406346e-05,4.9321051361724895e-06,8.529843415007362e-07,12.0
0.9375,1.0026412124939823,0.007699339657563111,1.0217133325598926,0.007876906710857738,0.0053497080017359915,0.0031217741991841777,0.0015783759336883054,0.0006606497251267447,0.00023891800846028777,8.267480095914359e-05,1.9970106030500047e-05,4.900877576260399e-06,8.48853432996033e-07,12.0
0.9405000000000001,1.002453304689139,0.007413646131451182,1.0211670543129996,0.007584721990941165,0.005147737382206139,0.0030416062686677314,0.0015442982320253886,0.0006460210945886407,0.0002366982880034959,8.265896664090147e-05,1.9763537062158336e-05,4.858670230815675e-06,8.442083097420477e-07,12.0
0.9434999999999998,1.0022179895983696,0.007245380724543351,1.0207030512006123,0.007272026867557635,0.004950593884402447,0.002968112983384853,0.001509223932455012,0.0006304373464938682,0.00023445771035958244,8.259673196403654e-05,1.9502460894376975e-05,4.803998608049653e-06,8.391118459986475e-07,12.0
0.9464999999999999,1.0019251555188338,0.0071821519777645025,1.0203093616920305,0.006940208834232218,0.004758091282068761,0.0029004252651452893,0.0014731305068285566,0.0006140276031674752,0.0002321915234996044,8.247686158194145e-05,1.9186710871044384e-05,4.736903639474971e-06,8.334452518951723e-07,12.0
0.9495,1.0015850431908353,0.007192296373919916,1.0199674297489814,0.0065960428678602055,0.0045691841807160806,0.0028369058162193367,0.0014364326722813867,0.0005970852752362322,0.00022986973130881215,8.229203759488428e-05,1.8826606525718717e-05,4.6589321953250535e-06,8.267851543988772e-07,12.0
0.9525000000000001,1.0012557754311775,0.007205454166205565,1.0194502117721467,0.006165940073778565,0.004347595559225812,0.0027635814329940523,0.0013938650609315142,0.0005776699303633381,0.0002271851647171712,8.218043575063695e-05,1.847691449664981e-05,4.561286357818915e-06,8.128577310030136e-07,12.0
0.9554999999999998,1.0011753270215635,0.0071229320404539165,1.0191098927662385,0.0059691822922879325,0.004214512766157869,0.0027011417841085574,0.0013648596467032636,0.000565809913729593,0.000224654505473609,8.165708742375196e-05,1.816746076356103e-05,4.491310467780309e-06,8.000313419777543e-07,12.0
0.9584999999999999,1.0032544330141377,0.007040509203846347,1.0161026708759444,0.005684630327278783,0.004396737537641984,0.002632226963878596,0.0012670377580126728,0.0005562020343604251,0.0002335366458695131,8.14280071341832e-05,1.6941799646147573e-05,0.0,0.0,10.0
0.9615,1.0029461047044548,0.006577064029181523,1.015663208513768,0.005569744821657442,0.004229771727126009,0.002516598637220361,0.0012306657320246418,0.0005502352798474112,0.00023156393205242247,7.991727041554281e-05,1.650628217808494e-05,0.0,0.0,10.0
0.9645000000000001,1.0025731706461376,0.006088188857519246,1.0152430519978024,0.005458331002342894,0.004058468876308176,0.0024010531365374664,0.0011957637519284655,0.0005447302815877643,0.00022947601169231739,7.833542980164584e-05,1.6056317613471236e-05,0.0,0.0,10.0
0.9674999999999998,1.00222326798842,0.005614903019431054,1.01478403811728,0.005335178506760123,0.003887307968141366,0.0022886829408564,0.001162061545330044,0.0005394445396555897,0.00022732879829509805,7.672255189050109e-05,1.5599003163840823e-05,0.0,0.0,10.0
0.9704999999999999,1.001932394841412,0.005195830876765586,1.0142839193915378,0.005187503238833501,0.003714458714931418,0.0021820648307167927,0.0011303197206168696,0.0005341349194015904,0.00022500625918730888,7.50978545274751e-05,1.5148607955270392e-05,0.0,0.0,10.0
0.9735,1.001719755717105,0.004853765256475738,1.0137446852802412,0.005008638226969248,0.003539354925217328,0.002082973692584624,0.001101062103754514,0.0005286620275770969,0.00022244090879878977,7.347566556464052e-05,1.471457222074397e-05,0.0,0.0,10.0
0.9765000000000001,1.0015832643099412,0.004589770804287838,1.0131704680682334,0.004799521559023034,0.003363196886329995,0.0019921428517827387,0.0010744450685322689,0.0005230023105126251,0.00021962997785707775,7.186653019446798e-05,1.430080823202048e-05,0.0,0.0,10.0
0.9794999999999998,1.0015049062255383,0.00438764660240166,1.012565867640155,0.004566875858542146,0.0031885796874604458,0.0019094743243108672,0.0010503027162471251,0.0005172032465701129,0.00021661698872820002,7.027835774483706e-05,1.3907274208297064e-05,0.0,0.0,10.0
0.9824999999999999,1.0014606017007093,0.0042234607078496115,1.011934990990598,0.004319877989660995,0.0030186803608137276,0.0018344465919791933,0.0010282816344547579,0.0005113198016289863,0.0002134591070984211,6.87171390487384e-05,1.3532321823611651e-05,0.0,0.0,10.0
0.9855,1.0014286152805723,0.004074335103195184,1.0112816593601281,0.00406732611213261,0.0028564647572359983,0.0017664354360704252,0.0010079676468282125,0.0005053702696124392,0.00021020115655696463,6.718683678773478e-05,1.3174293051491122e-05,0.0,0.0,10.0
0.9885000000000002,1.0013938711929071,0.003923634010110002,1.0106106206336243,0.0038162329817596464,0.0027041760969412055,0.0017048362942165968,0.0009889576480194267,0.0004993252921150613,0.0002068652704641701,6.568867992589125e-05,1.2831860538101367e-05,0.0,0.0,10.0
0.9914999999999998,1.001348613452854,0.003762556109435579,1.0099290046107,0.0035716841482659216,0.0025631540862292405,0.0016490461284474184,0.0009708827747808592,0.0004931214122087214,0.00020345358432068969,6.422061098227637e-05,1.250358333439731e-05,0.0,0.0,10.0
0.9944999999999999,1.0012910457805053,0.0035893401709641377,1.0092471209690541,0.003337328484726443,0.0024339128433509107,0.001598418562530725,0.0009534105450082779,0.0004866829115464253,0.00019995686021457445,6.277759263678193e-05,1.2187440813260023e-05,0.0,0.0,10.0
0.9975,1.0012233542181974,0.0034072872202203655,1.0085780805767979,0.003115936859955655,0.0023163626461579602,0.0015522647007577043,0.0009362475949658678,0.0004799401838463253,0.00019636321783940614,6.135293376595387e-05,1.1880805937123883e-05,0.0,0.0,10.0
1.0005000000000002,1.0011498724139323,0.003222439585029468,1.0079363197329883,0.0029097396514083528,0.002210059548326759,0.0015099043029128735,0.0009191497872859001,0.0004728407933098436,0.0001926642562171907,5.9940177029426104e-05,1.1580859349135506e-05,0.0,0.0,10.0
1.0034999999999998,1.0010756702193355,0.0030414580439073005,1.0073355598555622,0.0027204982468957708,0.002114394588909527,0.0014707307878250747,0.000901935663776658,0.0004653545346357318,0.000188858177745824,5.85348068052449e-05,1.128516686617041e-05,0.0,0.0,10.0
1.0065,1.0010056092242967,0.002870024190732837,1.0067868611025437,0.0025494033332815603,0.002028683137520925,0.001434251210111428,0.0008844958439363197,0.000457475026186523,0.00018495052690982406,5.7135191545680034e-05,1.09921273930638e-05,0.0,0.0,10.0
1.0095,1.0009438084076858,0.0027119038390880854,1.0062972732222029,0.0023969342838927226,0.0019521671329191202,0.0014000839651916674,0.0008667930363523191,0.00044921935040755106,0.00018095332514052263,5.574258455062782e-05,1.0701144138743624e-05,0.0,0.0,10.0
1.0125000000000002,1.0009033841426962,0.002568758871529379,1.0058593791274297,0.0022627322161816277,0.0018852063628765037,0.0013679396825332746,0.0008486553311022005,0.00044063212228651706,0.00017691316713548428,5.4362537616572705e-05,1.0410800329808709e-05,0.0,0.0,10.0
1.0154999999999998,1.000839448038609,0.002439760645052474,1.005518258519761,0.00214593840989592,0.0018209981765066848,0.0013374655182483504,0.000831075201726329,0.00043173996552388306,0.00017270864733679256,5.298952355264578e-05,1.0130254892091273e-05,0.0,0.0,10.0
1.0185,1.0002475581167067,0.0023158389290415847,1.00577240622396,0.002048453168206712,0.0016961210678229548,0.0013074467498424968,0.0008241251002177487,0.00042232603870988257,0.00016685546964462035,5.1524656649332474e-05,9.951086292030943e-06,0.0,0.0,10.0
1.0215,1.0002375391880758,0.002194173005932011,1.0055087665791247,0.001968348461582397,0.001646133777369547,0.0012786741506487997,0.0008060485499017004,0.0004131899743006779,0.00016268656458395415,5.020402470869188e-05,9.679330355258863e-06,0.0,0.0,10.0
1.0245000000000002,1.0002535722079404,0.0020786030122175595,1.0052718381260728,0.0019001800580398518,0.0016014776183382769,0.0012506650587990607,0.0007878380881841226,0.00040399999156832223,0.00015855581883924633,4.8912378481982234e-05,9.412888221465185e-06,0.0,0.0,10.0
1.0274999999999999,1.0002836131831638,0.0019662003417203907,1.005063939091146,0.0018420942605052568,0.0015598342110594238,0.0012230858788388624,0.000769779381172588,0.00039482132068594357,0.0001544466546192096,4.764955835329513e-05,9.154774063073032e-06,0.0,0.0,10.0
1.0305,1.0003255259516,0.0018548357442311363,1.0048774003638694,0.0017923982356113698,0.001520465926363474,0.0011956867251303777,0.0007519183249549003,0.0003857166442218045,0.00015037524324366543,4.641697208392062e-05,8.905515275020603e-06,0.0,0.0,10.0
1.0335,1.0003763687560643,0.0017435655747052399,1.0047058109629345,0.0017495025888162128,0.0014829152825424742,0.0011683277722568822,0.0007342778510338738,0.0003767368259338593,0.00014635841681265866,4.521556710078985e-05,8.665062448936317e-06,0.0,0.0,10.0
1.0365000000000002,1.0004323686010834,0.0016328137585233749,1.0045443320548575,0.0017118352982350546,0.0014469800250008441,0.0011410018548747502,0.000716862777258587,0.0003679192976297771,0.0001424138432625945,4.4046122107974575e-05,8.432812788374099e-06,0.0,0.0,10.0
1.0394999999999999,1.0004891897868164,0.0015243092835969187,1.0043896524711358,0.001677774571126107,0.001412658476947951,0.0011138310655457167,0.0006996649611835022,0.000359288114028539,0.00013855979251505175,4.2909505809308865e-05,8.207725848211945e-06,0.0,0.0,10.0
1.0425,1.0005424362737876,0.0014207566124677903,1.004239759884059,0.0016456519870303562,0.0013800647796504482,0.0010870362590520443,0.0006826712270271349,0.00035085564769791517,0.00013481394499973063,4.1806810626845426e-05,7.988551362047927e-06,0.0,0.0,10.0
1.0455,1.0005883336794676,0.0013252817375218938,1.0040936081301113,0.0016138438702673512,0.0013493323181103098,0.00106088568902127,0.000665873556708949,0.00034262559877837556,0.00013119136996751855,4.073931605301261e-05,7.774130352927182e-06,0.0,0.0,10.0
1.0485000000000002,1.0006244250921563,0.0012407753861001386,1.003950754630791,0.001580926557656576,0.0013205278050708014,0.001035634680813381,0.0006492792055309358,0.00033459655418340077,0.00012770224040884446,3.970827828553925e-05,7.563691388673877e-06,0.0,0.0,10.0
1.0514999999999999,1.000650038853102,0.0011693108164848188,1.0038110332184529,0.0015458376234255057,0.001293597505631367,0.001011470865994609,0.000632917098919997,0.00032676502280043224,0.00012435013445884265,3.8714591522015095e-05,7.35704746600205e-06,0.0,0.0,10.0
1.0545,1.000666313519931,0.001111806146602901,1.0036743117103022,0.0015079774202032949,0.0012683594219026408,0.0009884777314249115,0.0006168372795951012,0.00031912697083834513,0.00012113171136699088,3.7758406221058805e-05,7.154621104969688e-06,0.0,0.0,10.0
1.0575,1.0006757122046046,0.0010680153751173684,1.0035403588814806,0.0014672100653268902,0.0012445414500893363,0.0009666230948399525,0.0006011026156722216,0.00031167749375282433,0.00011803808556208789,3.6838806622672304e-05,6.9572842510529286e-06,0.0,0.0,10.0
1.0605000000000002,1.0006811681058654,0.0010368007682881428,1.0034088148217923,0.0014237688805692093,0.0012218499885474773,0.0009457708649074269,0.0005857753358504578,0.00030440917463929744,0.0001150575276610512,3.595363962244201e-05,6.766071155531043e-06,0.0,0.0,10.0
1.0635,1.0006851653207727,0.0010165316685472059,1.0032792314591912,0.0013781128508742687,0.0012000429105674564,0.000925707936859862,0.0005709032757171313,0.00029731040514728645,0.00011217854170063023,3.509955488898408e-05,6.581870178344227e-06,0.0,0.0,10.0
1.0665,1.0006890797427983,0.001005433140174951,1.0031511372624067,0.0013307942420019132,0.0011789803783840297,0.0009061764567869784,0.0005565105437578229,0.0002903650126780065,0.00010939222650018056,3.427227006854609e-05,6.4051987235366934e-06,0.0,0.0,10.0
1.0695000000000001,1.0006929750654796,0.0010017799670430656,1.0030240834432298,0.0012823780744682274,0.0011586371419297396,0.0008869049929085908,0.000542594753155192,0.0002835538439273553,0.00010669322041366652,3.346702210912683e-05,6.2361171055819015e-06,0.0,0.0,10.0
1.0724999999999998,1.0007074387652088,0.0010040883095887012,1.002886132408916,0.0012333469149223306,0.0011404957783701481,0.0008676532207619383,0.0005288998246315656,0.0002768619763428118,0.00010411174573634768,3.2680694665573164e-05,6.071895233845932e-06,0.0,0.0,10.0
1.0755,1.0006752024236565,0.0010103944818233262,1.0027921808829463,0.0011844585933727602,0.0011178245684426828,0.0008481480581696695,0.0005164862825474126,0.0002702526381323351,0.00010149101482163905,3.19016761728648e-05,5.923336521900773e-06,0.0,0.0,10.0
1.0785,0.9999829539834566,0.0010103722702445078,1.003349621803509,0.001140645243493728,0.0010157007633249575,0.0008273466302807109,0.000517467907496967,0.00026351959680713245,9.711982054748325e-05,3.10475810326752e-05,5.9173021247552135e-06,0.0,0.0,10.0
1.0815000000000001,0.9999783872823241,0.0010029999715681333,1.0032170386391412,0.0011023346061452702,0.0009994334188236347,0.0008059614124548302,0.0005049909569028555,0.00025721421642317877,9.477921626073551e-05,3.0292233348211407e-05,5.773498859816878e-06,0.0,0.0,10.0
1.0844999999999998,0.9999725080561771,0.0009958339150184816,1.0030778457745424,0.0010658103943504411,0.000984453840293171,0.0007841846575205944,0.0004926589283057234,0.00025099668099673824,9.253167526906484e-05,2.954433155161319e-05,5.633111786308095e-06,0.0,0.0,10.0
1.0875,0.9999612758266002,0.0009877375860824597,1.0029359056779326,0.0010317155230239379,0.0009698908975053058,0.0007621091482054958,0.0004805221700577228,0.0002448684654846612,9.036030015656877e-05,2.880305792971822e-05,5.4967253707673404e-06,0.0,0.0,10.0
1.0905,0.9999463792107587,0.0009778407752740088,1.0027907010605694,0.0010005657402810202,0.0009553186116986324,0.0007398923041842246,0.0004685647492102744,0.0002388311453281463,8.825899459060873e-05,2.8068847661448923e-05,5.3642810012316504e-06,0.0,0.0,10.0
1.0935000000000001,0.9999310716489791,0.000965506856292509,1.0026420665256421,0.0009726146175426977,0.0009402436567511979,0.0007177258449344235,0.0004568057942680721,0.00023288298656973358,8.621856990555155e-05,2.73425696016894e-05,5.236151826550133e-06,0.0,0.0,10.0
1.0964999999999998,0.9999202331276302,0.0009501247759875587,1.002490547889057,0.0009477630439341949,0.0009241585071204353,0.0006958086321821216,0.0004453013836600659,0.0002270190267266803,8.422633127066944e-05,2.662532140035336e-05,5.113154541403776e-06,0.0,0.0,10.0
1.0995,0.9999200145900891,0.0009306999737212973,1.002337711633091,0.0009255884904373567,0.0009065962757153761,0.0006743196354975661,0.0004341344403823514,0.0002212333138036411,8.226699335335269e-05,2.591821643478526e-05,4.996416453182025e-06,0.0,0.0,10.0
1.1025,0.9999369402197237,0.0009054389059307918,1.002186211749864,0.0009055096483541998,0.0008871802772488247,0.0006533948598740426,0.0004233935288583743,0.00021552215505267843,8.03251832169789e-05,2.5222202894370606e-05,4.8870794760948955e-06,0.0,0.0,10.0
1.1055000000000001,0.999976538364185,0.0008717035122358495,1.0020394356652826,0.0008870106009094723,0.0008656700201755076,0.0006331139167766058,0.00041314599628371554,0.00020988669381341173,7.838891717084032e-05,2.4537984098017732e-05,4.7858983154294314e-06,0.0,0.0,10.0
1.1084999999999998,1.0000417658245142,0.0008266723930805325,1.0019006984216392,0.0008697866701607408,0.0008420137309588699,0.0006135018724141328,0.00040341229582420527,0.00020433366441732805,7.645286342062645e-05,2.386607326711926e-05,4.692850175022039e-06,0.0,0.0,10.0
1.1115,1.000131603935891,0.0007687080122398284,1.0017722257701984,0.0008536908891493352,0.000816411623192797,0.0005945501339740354,0.0003941468224330212,0.00019887411305384662,7.452029668053196e-05,2.320694946926642e-05,4.606875398398814e-06,0.0,0.0,10.0
1.1145,1.0002402611063987,0.0006989243058038356,1.0016544066594402,0.0008384649432572991,0.0007893693170784711,0.0005762561920727437,0.00038522888898179914,0.00019352038127143237,7.26032704045828e-05,2.2561255324605154e-05,4.525813448684459e-06,0.0,0.0,10.0
1.1175000000000002,1.0003574381016818,0.0006220636330837255,1.0015457846810385,0.0008233970548684206,0.0007616914904715185,0.0005586718473822353,0.00037646837217537984,0.00018828203031645693,7.072100781971268e-05,2.1929990391640433e-05,4.446552108628318e-06,0.0,0.0,10.0
1.1204999999999998,1.0004700245779714,0.0005458345903210992,1.0014438747510919,0.000807179680001718,0.0007343644649093934,0.0005419316324474756,0.0003676326483795356,0.00018316264237557635,6.889638964260656e-05,2.131462961674927e-05,4.365427131139829e-06,0.0,0.0,10.0
1.1235,1.0005651845191263,0.00047851947988604806,1.0013463243307115,0.0007882094713271093,0.0007083275501321992,0.0005262239931746463,0.0003584978956022779,0.0001781607462707615,6.715029880244255e-05,2.071702801964982e-05,4.278926876723936e-06,0.0,0.0,10.0
1.1265,1.0006339374315427,0.00042578885943732916,1.0012516660589394,0.0007652841425737209,0.00068421937296774,0.0005116965792622736,0.00034891288262526497,0.00017327626259781235,6.549476996601049e-05,2.0139013800515765e-05,4.184604211203245e-06,0.0,0.0,10.0
1.1295000000000002,1.0006735478300326,0.00038852666540217193,1.001159258286251,0.0007382561057058606,0.0006622379016340101,0.0004983492982192813,0.00033884518278273144,0.00016851822132223703,6.392814457100572e-05,1.958181817850299e-05,4.081794365232257e-06,0.0,0.0,10.0
1.1324999999999998,1.0007008293882638,0.0003627923897816747,1.0010549384886234,0.0007081871881006727,0.0006439264208681121,0.0004859906272463181,0.00032809526279682486,0.0001639110770724891,6.247457806148778e-05,1.9046739748935692e-05,3.968418988567209e-06,0.0,0.0,10.0
1.1355,1.0006549456922171,0.0003413317637761217,1.0010045147680098,0.0006771912565895448,0.0006207965662797835,0.00047422146357687235,0.0003181451014479074,0.000159469483825388,6.093525919359152e-05,1.852758430528963e-05,3.861468179808183e-06,0.0,0.0,10.0
1.1385,0.9998166601276531,0.0003082997382035792,1.001728188142871,0.0006518183832478284,0.0005037014333130307,0.00046184184012829186,0.00032372954195538533,0.00015510635175893566,5.7338016426527895e-05,1.7966824995400588e-05,3.927377376089385e-06,0.0,0.0,10.0
1.1415000000000002,0.9998034699322766,0.00026464694480795567,1.0016286031203032,0.0006312367062314406,0.000488702738123137,0.0004493941081277367,0.0003128757766727217,0.0001511667296364796,5.598525626664174e-05,1.7487346893220055e-05,3.807657624735044e-06,0.0,0.0,10.0
1.1444999999999999,0.9997972191951745,0.00022752548377488632,1.0015265574197039,0.0006077178778676138,0.0004741446384727018,0.0004375925769763057,0.0003023408899239929,0.0001473449084549075,5.4622486785405286e-05,1.7027136643085103e-05,3.690483865494186e-06,0.0,0.0,10.0
1.1475,0.9998056574404316,0.00020541267970751887,1.001423799862141,0.00057836112165226,0.00045931310223930273,0.00042678963651495436,0.00029233313068063627,0.000143587373818188,5.3226513603384243e-05,1.6586465081829924e-05,3.5783912669280027e-06,0.0,0.0,10.0
1.1505,0.9998331566960252,0.00020328289326427494,1.0013222562494941,0.0005416752419923944,0.00044376729767368206,0.00041712200105517084,0.0002829580997137692,0.00013986927513776705,5.178958802459789e-05,1.6164344240181817e-05,3.472345370580374e-06,0.0,0.0,10.0
1.1535000000000002,0.9998777252183786,0.0002200655519784394,1.0012239849501499,0.000498223854334208,0.0004274357765843821,0.00040842758042176447,0.0002742002566008545,0.00013620311712451232,5.032164499032743e-05,1.575828581512771e-05,3.3715494594055007e-06,0.0,0.0,10.0
1.1564999999999999,0.9999322423711748,0.0002493825205276198,1.0011298656086842,0.0004501190515060806,0.0004106196127407686,0.000400344561481761,0.00026595098558793807,0.00013262744642358496,4.884480282183746e-05,1.5364963125890446e-05,3.274065546444018e-06,0.0,0.0,10.0
1.1595,0.9999875051085902,0.00028235298375970286,1.0010387936068428,0.0004000143290451019,0.00039385193229207977,0.00039247140335285234,0.00025806871982946364,0.00012918895687826518,4.738348043278407e-05,1.4981006458726951e-05,3.177804405003563e-06,0.0,0.0,10.0
1.1625,1.0000350735115713,0.0003106468818694919,1.0009478894379729,0.00035031276542536147,0.0003777336493868927,0.0003844757179268179,0.00025043037952209507,0.00012593001162846496,4.595666378493961e-05,1.4603396545780125e-05,3.081217037458324e-06,0.0,0.0,10.0
1.1655000000000002,1.000068975524703,0.0003286353749304898,1.0008535118635256,0.00030284967593420173,0.000362826475045864,0.0003761303254342601,0.00024295717326952668,0.00012288359055935422,4.457447077898493e-05,1.4229468828889138e-05,2.983527135019191e-06,0.0,0.0,10.0
1.1684999999999999,1.0000863268829805,0.00033419352389370586,1.000752493151717,0.0002589435246874764,0.00034961811746555833,0.0003673105865469823,0.00023561880925847942,0.00012007190155612076,4.323794012546917e-05,1.385681241867829e-05,2.884674376697521e-06,0.0,0.0,10.0
1.1715,1.0000873393626266,0.0003281176917510776,1.0006431263018927,0.00021963001644454365,0.0003385195234690977,0.00035797977012326103,0.00022842788521768844,0.00011750601632514535,4.19403076599882e-05,1.3483227013748941e-05,2.785162777087145e-06,0.0,0.0,10.0
1.1745,1.0000752304964153,0.00031243079966629227,1.0005256810477963,0.00018596839141470653,0.0003298363305963342,0.0003481588035049062,0.00022143499883371648,0.0001151871376303121,4.066843772684628e-05,1.3106683925767309e-05,2.685935170975644e-06,0.0,0.0,10.0
1.1775000000000002,1.0000563054497589,0.0002882001729316927,1.0004023513513915,0.00015936419769725492,0.0003236899224422348,0.00033786568814414173,0.00021472890253446182,0.00011311101460278023,3.940361612585476e-05,1.2725173427542934e-05,2.588341218000638e-06,0.0,0.0,10.0
1.1804999999999999,1.0000399245249898,0.00025387358373200127,1.0002766169828903,0.00014178807069912486,0.00031993114635455534,0.00032703547901264264,0.00020843537049491023,0.0001112742875853691,3.81220243923169e-05,1.2336457134772304e-05,2.494155221912784e-06,0.0,0.0,10.0
1.1835,1.0000374437069264,0.00020533603845386967,1.0001522276656385,0.0001356204033904877,0.00031814137270510997,0.00031547894128535224,0.0002026975548252935,0.00010967701719567003,3.6796994657283503e-05,1.1937974895325869e-05,2.405393045849556e-06,0.0,0.0,10.0
1.1865,1.0000593214436435,0.00013833381730517133,1.000032321142601,0.0001428713282972227,0.00031778774714881356,0.00030295205204897374,0.0001976235090037391,0.00010831469102312207,3.5405549365766945e-05,1.1527234597789928e-05,2.3236178385940473e-06,0.0,0.0,10.0
1.1894999999999998,1.0001111427177363,5.2172563356620286e-05,0.9999191882193953,0.00016399728364398044,0.00031847101888537587,0.00028933110645741074,0.00019321621153107116,0.00010716112756511281,3.393805122931652e-05,1.110267589372111e-05,2.2488574268755463e-06,0.0,0.0,10.0
1.1925,1.0001792351927634,-7.10883216736447e-05,0.9998121519763836,0.00020815251177098819,0.0003226603563303825,0.0002721615635102705,0.00018814454055891591,0.00010615204991831741,3.2375266396922914e-05,1.0567796717534608e-05,2.1423131843713157e-06,0.0,0.0,10.0
1.1955,1.0001901691424686,-9.520677512885403e-05,0.9997924145633669,0.00021610582976807531,0.0003203700743067549,0.00026439825138036514,0.0001848760168038294,0.0001047401072488256,3.108302055900892e-05,1.0193947562178751e-05,2.064983510923923e-06,0.0,0.0,10.0
1.1985000000000001,0.9997341342588026,-0.0001452941024573443,1.0003677474294268,0.00023436856062073505,0.00022910411349688482,0.00025775209306133423,0.0002000788257508251,0.00010168136925477769,2.653765256602952e-05,0.0,0.0,0.0,0.0,8.0
1.2014999999999998,0.9998399262687184,-7.086465126400585e-05,1.0003150451341865,0.0001993744026520877,0.00023173067330143512,0.00026437312257441225,0.0001968328627569279,9.688706445617063e-05,2.484721653682575e-05,0.0,0.0,0.0,0.0,8.0
1.2045,0.9999300946377432,-6.642137084182281e-06,1.00028037504717,0.00017247614133462005,0.00023605548984533982,0.0002699552351973074,0.00019314046113980265,9.210497294922065e-05,2.320479577803384e-05,0.0,0.0,0.0,0.0,8.0
1.2075,0.9999960578469012,3.78102534310089e-05,1.00026130554309,0.00015637128472251982,0.00024255128503748063,0.0002738821837021067,0.000188780924453319,8.740953981697538e-05,2.16583905930001e-05,0.0,0.0,0.0,0.0,8.0
1.2105000000000001,1.0000358744071172,6.005064777400514e-05,1.0002554164063517,0.00015147806017017952,0.0002511232901294147,0.00027594104274956586,0.00018372316366691558,8.285253782831107e-05,2.023062011877056e-05,0.0,0.0,0.0,0.0,8.0
1.2134999999999998,1.000054125541678,6.485368758373027e-05,1.0002612350063886,0.00015622682057112977,0.00026113345105045456,0.00027623662372844673,0.0001780881189215351,7.846143282533184e-05,1.8921063146045163e-05,0.0,0.0,0.0,0.0,8.0
1.2165,1.0000584925222538,6.082820749497478e-05,1.0002784139506764,0.0001681483285294787,0.00027166335647438604,0.0002749966013949786,0.00017205765778773447,7.424868178017984e-05,1.7717637122463487e-05,0.0,0.0,0.0,0.0,8.0
1.2195,1.0000560139387336,5.628016621030768e-05,1.0003068341905834,0.00018484090088897957,0.00028183148667971255,0.00027242233273835225,0.00016579283764526581,7.022090003931589e-05,1.6607601898241574e-05,0.0,0.0,0.0,0.0,8.0
1.2225000000000001,1.0000511113342723,5.667262189653527e-05,1.0003454099449571,0.0002043042842961272,0.00029097178488955505,0.0002686542291146178,0.00015940211334239076,6.638216345632065e-05,1.5582192008132556e-05,0.0,0.0,0.0,0.0,8.0
1.2254999999999998,1.0000455416608376,6.411228938575445e-05,1.0003914425982725,0.00022481271460836872,0.00029864599704483244,0.0002638094752533094,0.00015295095517170977,6.273345928456066e-05,1.463600797364627e-05,0.0,0.0,0.0,0.0,8.0
1.2285,1.000039391588761,7.809227639644975e-05,1.00044086892821,0.00024474058329557516,0.00030456648151045595,0.000258021106258431,0.00014648533506656083,5.9272327245939695e-05,1.376479835816772e-05,0.0,0.0,0.0,0.0,8.0
1.2315,1.0000322401829187,9.659010720725262e-05,1.0004891571176018,0.0002625815045222958,0.0003085152637289058,0.0002514439982329565,0.00014005028041633465,5.599430171800358e-05,1.2963807673076033e-05,0.0,0.0,0.0,0.0,8.0
1.2345000000000002,1.0000239967150615,0.00011698924214647597,1.0005323152827592,0.0002771428029826075,0.0003103078522662375,0.00024423543066893534,0.0001336984508966331,5.289520642914505e-05,1.2227022788750264e-05,0.0,0.0,0.0,0.0,8.0
1.2374999999999998,1.0000152349258862,0.00013669470727534002,1.0005675702348313,0.00028775560056777774,0.00030980891332985696,0.00023653434280551352,0.00012749023807162062,4.997267802322572e-05,1.1547095840185544e-05,0.0,0.0,0.0,0.0,8.0
1.2405,1.0000070412758433,0.0001535443052892502,1.0005935634382934,0.00029434610264747946,0.00030697894756683995,0.00022845655791629154,0.00012148756689559713,4.7226044965861185e-05,1.0915933246494833e-05,0.0,0.0,0.0,0.0,8.0
1.2435,1.0000005456746788,0.0001661269802603617,1.0006101637159126,0.0002973156034814496,0.00030191959053562755,0.00022010704799037959,0.0001157437669248395,4.4654785673946146e-05,1.0325925427677168e-05,0.0,0.0,0.0,0.0,8.0
1.2465000000000002,0.9999964175781204,0.00017398971975762163,1.0006180977500283,0.0002972981509669055,0.000294887986748008,0.00021159692769677477,0.00011029354513410766,4.225654386899469e-05,9.771332198771836e-06,0.0,0.0,0.0,0.0,8.0
1.2494999999999998,0.9999946116490956,0.00017761653174471417,1.0006185704931436,0.00029492835277483996,0.000286265526923101,0.00020304991327791135,0.00010514797295734993,4.002578892273128e-05,9.248998493304758e-06,0.0,0.0,0.0,0.0,8.0
1.2525,0.9999933872590745,0.00017812138834344792,1.0006140732377837,0.00029072330764392824,0.0002763511579543796,0.00019459118912622914,0.00010031982414152866,3.795359697297211e-05,8.754962818934336e-06,0.0,0.0,0.0,0.0,8.0
1.2555,0.9999974214171953,0.00017684531352408155,1.0006005408518006,0.00028504825022318336,0.000266219946249052,0.00018633158410772579,9.567722127248224e-05,3.602891622449161e-05,8.302854316922762e-06,0.0,0.0,0.0,0.0,8.0
1.2585000000000002,1.0000803095522481,0.00017573221034885414,1.0005055557575313,0.00027776494293837935,0.00026526061081427103,0.00017840767717512137,8.96989655581739e-05,3.4241435462782234e-05,8.082553230590604e-06,0.0,0.0,0.0,0.0,8.0
1.2614999999999998,1.0000798347386883,0.00017496008364208153,1.0004904702041737,0.0002693077620855162,0.0002539987633134805,0.00017080840018921377,8.560441313642102e-05,3.2565377287643894e-05,7.677042456305735e-06,0.0,0.0,0.0,0.0,8.0
1.2645,1.0000780117328716,0.0001729646343355534,1.000473867647032,0.00026066624356327616,0.00024275338066378374,0.00016345380042809155,8.168727221039293e-05,3.100193879459055e-05,7.298675384269185e-06,0.0,0.0,0.0,0.0,8.0
1.2675,1.0000739845752884,0.00016872239335975474,1.0004560644616718,0.0002523534493406801,0.0002317276866874071,0.000156291124680772,7.790003645414981e-05,2.9541631209294977e-05,6.947605311925167e-06,0.0,0.0,0.0,0.0,8.0
1.2705000000000002,1.0000671601011581,0.000161475904232025,1.0004372539762976,0.00024469671744782335,0.00022106280602835745,0.00014928572363935274,7.420713645497047e-05,2.817450003416143e-05,6.622988964621741e-06,0.0,0.0,0.0,0.0,8.0
1.2734999999999999,1.0000577972935658,0.00015130262421836655,1.0004175936832636,0.0002376995464613926,0.00021080720268009724,0.00014244672354503447,7.059747957492674e-05,2.6889192546302236e-05,6.321661597307825e-06,0.0,0.0,0.0,0.0,8.0
1.2765,1.0000470419351033,0.00013918282778079273,1.0003973697476447,0.00023106580394226099,0.000200915644667781,0.0001358243258809597,6.70851325767657e-05,2.567358144750288e-05,6.038226441042043e-06,0.0,0.0,0.0,0.0,8.0
1.2795,1.000036484322709,0.0001265519122063936,1.000377103757507,0.00022437838052391466,0.00019129008954622885,0.00012948246165456648,6.36970553955777e-05,2.4516731519421705e-05,5.766685837654398e-06,0.0,0.0,0.0,0.0,8.0
1.2825000000000002,1.0000275846708393,0.00011468791749494109,1.000357563834922,0.00021730723367539267,0.00018183301359576842,0.00012346796581888493,6.0457303130774355e-05,2.3410757665890278e-05,5.5023571764207345e-06,0.0,0.0,0.0,0.0,8.0
1.2854999999999999,1.0000212966323276,0.0001042953503451598,1.0003396706516128,0.00020972774155626498,0.0001724831405613113,0.00011779526147747205,5.7376893711721396e-05,2.235131014287651e-05,5.242899140568487e-06,0.0,0.0,0.0,0.0,8.0
1.2885,1.0000179801351463,9.542822279583877e-05,1.0003243176496257,0.00020171414551631913,0.00016322437473042508,0.00011245093640832352,5.445225642171312e-05,2.1336537262002455e-05,4.988159517534979e-06,0.0,0.0,0.0,0.0,8.0
1.2915,1.0000174876227237,8.769691515150282e-05,1.0003121502471655,0.00019344522811364694,0.00015407793094632008,0.00010741009907646299,5.166933085100393e-05,2.036532185952332e-05,4.739330360663484e-06,0.0,0.0,0.0,0.0,8.0
1.2945000000000002,1.0000192545263713,8.062965398251776e-05,1.000303368011092,0.0001850788535767327,0.00014509329402265437,0.00010265366469459534,4.900833772534631e-05,1.9435740309337012e-05,4.498125713860961e-06,0.0,0.0,0.0,0.0,8.0
1.2974999999999999,1.0000222991432581,7.406229284169193e-05,1.0002976230674192,0.0001766355082459361,0.00013634708983324128,9.818056901155073e-05,4.6445638711048264e-05,1.854419493029018e-05,4.266472968475805e-06,0.0,0.0,0.0,0.0,8.0
1.3005,1.0000251691914932,6.842684363596484e-05,1.0002940760895702,0.00016791763676474685,0.00012794651793438216,9.401389277164736e-05,4.3952422616254e-05,1.7685147227058118e-05,4.046744482573486e-06,0.0,0.0,0.0,0.0,8.0
1.3035,1.0000260007845667,6.477610696798779e-05,1.000291621629949,0.00015850339057133227,0.00012002236725744674,9.019916519889059e-05,4.149382214170551e-05,1.6851379719925305e-05,3.842005099030006e-06,0.0,0.0,0.0,0.0,8.0
1.3065000000000002,1.0000228876423225,6.439967915831202e-05,1.000289212304994,0.00014786519290747519,0.00011269500413930651,8.678931050540764e-05,3.9034019186700825e-05,1.6035093324206888e-05,3.6554392103180235e-06,0.0,0.0,0.0,0.0,8.0
1.3094999999999999,1.0000145556317321,6.810480331128793e-05,1.0002861445975975,0.0001356087066973477,0.00010601644322907825,8.381533330420437e-05,3.6548895689884935e-05,1.5229974854621436e-05,3.4886617342273323e-06,0.0,0.0,0.0,0.0,8.0
1.3125,1.000001483661785,7.592543723383738e-05,1.0002775698591124,0.00011875527696450839,9.853840254213852e-05,8.085357153115496e-05,3.378193957176651e-05,1.4255675623099657e-05,3.2831344041445667e-06,0.0,0.0,0.0,0.0,8.0
1.3155000000000001,0.9999974914744699,7.598325998805636e-05,1.0002699230647718,0.00011043830150192416,9.385388850039984e-05,7.849858207241974e-05,3.185082611008888e-05,1.3633860074874933e-05,3.1428768935635665e-06,0.0,0.0,0.0,0.0,8.0
1.3184999999999998,1.0000480674540464,7.575087563476219e-05,1.0001759045884004,0.00010099509714351184,0.00010264073299166192,7.417855875623535e-05,2.626014949012498e-05,0.0,0.0,0.0,0.0,0.0,0.0,6.0
1.3215,1.000029963052288,5.651858513073651e-05,1.0001685002376353,0.00010046293248942582,9.737811349832432e-05,6.816074258167834e-05,2.3901543560619858e-05,0.0,0.0,0.0,0.0,0.0,0.0,6.0
1.3245,1.0000163006557836,4.1553932417164326e-05,1.000160737548325,9.841905857293325e-05,9.181465311752019e-05,6.250953078185686e-05,2.1740820205776045e-05,0.0,0.0,0.0,0.0,0.0,0.0,6.0
1.3275000000000001,1.0000080486829217,3.221797439773761e-05,1.0001534779625163,9.464584273615782e-05,8.583105078198619e-05,5.726143286257661e-05,1.980656398083539e-05,0.0,0.0,0.0,0.0,0.0,0.0,6.0
1.3304999999999998,1.0000047802879701,2.82143660433964e-05,1.0001469418056397,8.933098133082776e-05,7.949595359115364e-05,5.242159697981339e-05,1.8093961674311996e-05,0.0,0.0,0.0,0.0,0.0,0.0,6.0
1.3335,1.000004923913996,2.7831155958459632e-05,1.0001406731647853,8.296715081840619e-05,7.30303433906008e-05,4.796938102545371e-05,1.6570582425182768e-05,0.0,0.0,0.0,0.0,0.0,0.0,6.0
1.3365,1.0000065983089856,2.8924930951750692e-05,1.0001338751308086,7.610012886271133e-05,6.66949136613667e-05,4.3878451952746226e-05,1.5197273055420902e-05,0.0,0.0,0.0,0.0,0.0,0.0,6.0
1.3395000000000001,1.0000083270453912,2.9812264316477856e-05,1.0001258494672778,6.915246223710515e-05,6.069879462811977e-05,4.012936842806327e-05,1.3943875264099129e-05,0.0,0.0,0.0,0.0,0.0,0.0,6.0
1.3424999999999998,1.0000092997205867,2.9640605902910907e-05,1.0001162997277144,6.239569209408181e-05,5.5170830605358346e-05,3.6709059061486215e-05,1.2792530084026174e-05,0.0,0.0,0.0,0.0,0.0,0.0,6.0
1.3455,1.0000092740823379,2.8304130036804067e-05,1.0001053991411932,5.600413661271094e-05,5.0175162916329536e-05,3.360496884723053e-05,1.1733465143085316e-05,0.0,0.0,0.0,0.0,0.0,0.0,6.0
1.3485,1.0000083480679685,2.6151118946965007e-05,1.0000936646808156,5.010649402072351e-05,4.573706575801475e-05,3.080133550566682e-05,1.0760022937718403e-05,0.0,0.0,0.0,0.0,0.0,0.0,6.0
1.3515000000000001,1.0000067634060885,2.367844456072263e-05,1.000081752040007,4.48037683669865e-05,4.185851987738353e-05,2.8278648516735203e-05,9.86589790849979e-06,0.0,0.0,0.0,0.0,0.0,0.0,6.0
1.3544999999999998,1.0000047988508511,2.1305030238157173e-05,1.000070277878792,4.0166585976733886e-05,3.851999201287852e-05,2.6013841090782044e-05,9.044399975025392e-06,0.0,0.0,0.0,0.0,0.0,0.0,6.0
1.3575,1.000002739753573,1.9248629369478818e-05,1.0000597139566807,3.623522705773631e-05,3.567429396280372e-05,2.3980000725068095e-05,8.288661017937102e-06,0.0,0.0,0.0,0.0,0.0,0.0,6.0
1.3605,1.0000008726121323,1.7510367304899657e-05,1.0000503355147645,3.303118559768123e-05,3.3241709520768306e-05,2.2146816581967095e-05,7.591831215464659e-06,0.0,0.0,0.0,0.0,0.0,0.0,6.0
1.3635000000000002,0.9999994505635775,1.596397610581195e-05,1.0000421901929542,3.056869997613431e-05,3.111658967236886e-05,2.0482325751874075e-05,6.9468940255766534e-06,0.0,0.0,0.0,0.0,0.0,0.0,6.0
1.3664999999999998,0.9999986420426525,1.4479162248268928e-05,1.0000351058585766,2.8852573549182094e-05,2.918893313244377e-05,1.895311844429097e-05,6.347147767044776e-06,0.0,0.0,0.0,0.0,0.0,0.0,6.0
1.3695,0.9999986075907393,1.2867294680115052e-05,1.0000288361451448,2.7882840411261048e-05,2.736010389439902e-05,1.7520752261809423e-05,5.789638853180936e-06,0.0,0.0,0.0,0.0,0.0,0.0,6.0
1.3725,0.9999998617675102,9.500767222676976e-06,1.0000227788556675,2.8153907258037255e-05,2.5415382335651664e-05,1.570205176449235e-05,5.079501042884065e-06,0.0,0.0,0.0,0.0,0.0,0.0,6.0
1.3755000000000002,0.9999999386036029,8.522762813670403e-06,1.0000208535243142,2.7655223943449825e-05,2.365881859269903e-05,1.4782866825125759e-05,4.796841382100118e-06,0.0,0.0,0.0,0.0,0.0,0.0,6.0
1.3784999999999998,1.0000032786257393,8.133762033148417e-06,1.0000209961411484,2.590150084278261e-05,2.0230397573945236e-05,0.0,0.0,0.0,0.0,0.0,0.0,0.0,0.0,4.0
1.3815,1.0000044142148585,8.735113169006452e-06,1.000018214410781,2.3217576726668248e-05,1.8518061562632238e-05,0.0,0.0,0.0,0.0,0.0,0.0,0.0,0.0,4.0
1.3845,1.0000043716475815,7.989232116391696e-06,1.0000154903674614,2.126861551059677e-05,1.7193500424768145e-05,0.0,0.0,0.0,0.0,0.0,0.0,0.0,0.0,4.0
1.3875000000000002,1.0000039146178799,6.906877915358426e-06,1.000013400366249,1.9837719428061852e-05,1.610656088748804e-05,0.0,0.0,0.0,0.0,0.0,0.0,0.0,0.0,4.0
1.3904999999999998,1.000003383227145,5.875386165040282e-06,1.0000119219129375,1.8704197079527156e-05,1.5143889159719737e-05,0.0,0.0,0.0,0.0,0.0,0.0,0.0,0.0,4.0
1.3935,1.0000028433570778,4.906776817115368e-06,1.000010764760547,1.769895480682151e-05,1.4236727136399853e-05,0.0,0.0,0.0,0.0,0.0,0.0,0.0,0.0,4.0
1.3965,1.0000023017910633,3.966189043345782e-06,1.0000097210644703,1.6725151684063127e-05,1.3348804161428985e-05,0.0,0.0,0.0,0.0,0.0,0.0,0.0,0.0,4.0
1.3995000000000002,1.000001778814545,3.068943497174778e-06,1.000008732452539,1.574388946753521e-05,1.2463876060464243e-05,0.0,0.0,0.0,0.0,0.0,0.0,0.0,0.0,4.0
1.4024999999999999,1.0000013049406018,2.2591359122352794e-06,1.0000078222909623,1.4747485103200603e-05,1.1575756301307512e-05,0.0,0.0,0.0,0.0,0.0,0.0,0.0,0.0,4.0
1.4055,1.0000009057356685,1.57668297598663e-06,1.0000070318436631,1.374077563055828e-05,1.0682815532505607e-05,0.0,0.0,0.0,0.0,0.0,0.0,0.0,0.0,4.0
1.4085,1.0000005935720793,1.0411402060993561e-06,1.0000063895303455,1.2732006374902425e-05,9.785640899950944e-06,0.0,0.0,0.0,0.0,0.0,0.0,0.0,0.0,4.0
1.4115000000000002,1.0000003668260855,6.496849359379296e-07,1.0000059019652698,1.1728623980713213e-05,8.885833692249332e-06,0.0,0.0,0.0,0.0,0.0,0.0,0.0,0.0,4.0
1.4144999999999999,1.0000002136225599,3.828986515663633e-07,1.0000055560792682,1.0735416867063917e-05,7.985133868700812e-06,0.0,0.0,0.0,0.0,0.0,0.0,0.0,0.0,4.0
1.4175,1.0000001173471946,2.1293208750260748e-07,1.0000053267392084,9.754082456302818e-06,7.084864008836959e-06,0.0,0.0,0.0,0.0,0.0,0.0,0.0,0.0,4.0
1.4205,1.0000000624553353,1.089288527658135e-07,1.0000051884703387,8.78300000525519e-06,6.185948842216054e-06,0.0,0.0,0.0,0.0,0.0,0.0,0.0,0.0,4.0
1.4235000000000002,1.000000039542139,3.702283893105038e-08,1.0000051317365644,7.815355157428771e-06,5.289929126921934e-06,0.0,0.0,0.0,0.0,0.0,0.0,0.0,0.0,4.0
1.4264999999999999,1.0000000368992676,-2.6426329121497933e-08,1.0000051651178568,6.834824805026114e-06,4.4021007315820454e-06,0.0,0.0,0.0,0.0,0.0,0.0,0.0,0.0,4.0
1.4295,0.9999999784989501,-6.6976194559773594e-09,1.0000052450382881,5.808597487925145e-06,3.540297523121855e-06,0.0,0.0,0.0,0.0,0.0,0.0,0.0,0.0,4.0
1.4325,0.9999993926171304,8.43286043490179e-07,1.0000055044198668,4.229937694398501e-06,2.4331699762905245e-06,0.0,0.0,0.0,0.0,0.0,0.0,0.0,0.0,4.0
1.4355000000000002,0.9999995050863109,9.116759872266439e-07,1.000004082594133,3.571289425592601e-06,2.160610603245553e-06,0.0,0.0,0.0,0.0,0.0,0.0,0.0,0.0,4.0
1.4385,1.0000003678679805,6.371669134351121e-07,1.0000007357376977,0.0,0.0,0.0,0.0,0.0,0.0,0.0,0.0,0.0,0.0,2.0
1.4415,1.0000001167035295,2.0213644370550512e-07,1.000000233407087,0.0,0.0,0.0,0.0,0.0,0.0,0.0,0.0,0.0,0.0,2.0
1.4445000000000001,1.000000027388104,4.743758825548604e-08,1.0000000547762107,0.0,0.0,0.0,0.0,0.0,0.0,0.0,0.0,0.0,0.0,2.0
1.4474999999999998,1.0000000047372066,8.205082429338723e-09,1.0000000094744128,0.0,0.0,0.0,0.0,0.0,0.0,0.0,0.0,0.0,0.0,2.0
1.4505,1.0000000005973029,1.0345590225156858e-09,1.0000000011946057,0.0,0.0,0.0,0.0,0.0,0.0,0.0,0.0,0.0,0.0,2.0
1.4535,1.0000000000537306,9.306421783148576e-11,1.0000000001074612,0.0,0.0,0.0,0.0,0.0,0.0,0.0,0.0,0.0,0.0,2.0
1.4565000000000001,1.0000000000033704,5.838530653906769e-12,1.000000000006742,0.0,0.0,0.0,0.0,0.0,0.0,0.0,0.0,0.0,0.0,2.0
1.4594999999999998,1.0000000000001636,2.829777738311658e-13,1.0000000000003266,0.0,0.0,0.0,0.0,0.0,0.0,0.0,0.0,0.0,0.0,2.0
1.4625,1.000000000000013,2.2635537819499418e-14,1.000000000000026,0.0,0.0,0.0,0.0,0.0,0.0,0.0,0.0,0.0,0.0,2.0
1.4655,1.0000000000000024,4.149364107691909e-15,1.0000000000000047,0.0,0.0,0.0,0.0,0.0,0.0,0.0,0.0,0.0,0.0,2.0
1.4685000000000001,1.0000000000000004,7.872209305918955e-16,1.0000000000000009,0.0,0.0,0.0,0.0,0.0,0.0,0.0,0.0,0.0,0.0,2.0
1.4714999999999998,1.0,1.01331735893275e-16,1.0,0.0,0.0,0.0,0.0,0.0,0.0,0.0,0.0,0.0,0.0,2.0
1.4745,1.0,5.117881387739326e-18,1.0,0.0,0.0,0.0,0.0,0.0,0.0,0.0,0.0,0.0,0.0,2.0
1.4775,1.0,2.4304191835055066e-19,1.0,0.0,0.0,0.0,0.0,0.0,0.0,0.0,0.0,0.0,0.0,2.0
1.4805000000000001,1.0,1.1054680265070165e-20,1.0,0.0,0.0,0.0,0.0,0.0,0.0,0.0,0.0,0.0,0.0,2.0
1.4834999999999998,1.0,4.545447626909625e-22,1.0,0.0,0.0,0.0,0.0,0.0,0.0,0.0,0.0,0.0,0.0,2.0
1.4865,1.0,1.8773486337010482e-23,1.0,0.0,0.0,0.0,0.0,0.0,0.0,0.0,0.0,0.0,0.0,2.0
1.4895,1.0,7.819150725245195e-25,1.0,0.0,0.0,0.0,0.0,0.0,0.0,0.0,0.0,0.0,0.0,2.0
1.4925000000000002,1.0,3.113634586475179e-26,1.0,0.0,0.0,0.0,0.0,0.0,0.0,0.0,0.0,0.0,0.0,2.0
1.4954999999999998,1.0,1.1660180267216803e-27,1.0,0.0,0.0,0.0,0.0,0.0,0.0,0.0,0.0,0.0,0.0,2.0
1.4985,1.0,4.25962449233308e-29,1.0,0.0,0.0,0.0,0.0,0.0,0.0,0.0,0.0,0.0,0.0,2.0
