-2.0,1.6090751598084472,-0.005007578070579941,1.5707097919960935,0.04192818824436708,-0.12125039570004698,-0.011687239528231162,0.03505118331090113
-1.9919839679358717,1.6068786178383503,-0.003243285470855554,1.5731491397672481,0.042746384254042175,-0.12127241831468662,-0.011988468410304726,0.03505048348024961
-1.9839679358717435,1.604381861378452,-0.0018304396543892942,1.5751267358762395,0.04376389069177579,-0.12107118536900388,-0.012351713561976322,0.03495908859100137
-1.9759519038076152,1.6016493233710576,-0.0008566890072305646,1.57647705595263,0.04503340353606774,-0.12057456202375066,-0.012791672943425987,0.034746198047785705
-1.967935871743487,1.598685541782768,-0.0004261612471906541,1.5770691927245961,0.04661791838974088,-0.11971719544897438,-0.01332651452461565,0.03438487546023563
-1.9599198396793587,1.5954271050137783,-0.0006615461657047811,1.5768124883880656,0.04859154559353752,-0.11844172619007232,-0.01397787962538198,0.033852903042491916
-1.9519038076152304,1.59173572563947,-0.001705117674568009,1.5756624402769237,0.051039358409718315,-0.11670025221056819,-0.014770508592902508,0.033133676375002426
-1.9438877755511021,1.5874034490559017,-0.003717563268834421,1.5736176515970295,0.054055442366854035,-0.11445345780881554,-0.015731024961660327,0.03221590005252764
-1.9358717434869739,1.582173435675404,-0.006872988635915442,1.5707068628142613,0.057738014691904024,-0.11166763820636835,-0.016885481820686044,0.031092169271702247
-1.9278557114228456,1.5757736786571443,-0.011348074951340362,1.5669717007428776,0.06218030427152522,-0.10831213316748577,-0.01825540735728134,0.029757573233170326
-1.9198396793587174,1.567958840798647,-0.017303449103795027,1.5624526308254207,0.06745613778440895,-0.10436030587466823,-0.019852330340527455,0.028209698920401833
-1.911823647294589,1.558555420697782,-0.024856429165547242,1.5571835819172184,0.07360022278757339,-0.09979630390285116,-0.02167126528974049,0.026450922881895742
-1.9038076152304608,1.5475052103585034,-0.03404695344723154,1.5511967677851088,0.08058523321136465,-0.09462782317551371,-0.023684432948229837,0.024492920752449392
-1.8957915831663326,1.534900207700235,-0.04480271892711093,1.5445348898998206,0.08830074370588813,-0.08890237205106537,-0.025837365113659447,0.022362168045378036
-1.8877755511022045,1.520999525452233,-0.05691415708333616,1.537264454872996,0.0965416835338679,-0.082721748401411,-0.028049900512576796,0.02010421404601401
-1.8797595190380763,1.5062181188212453,-0.07003211590614007,1.5294826962129144,0.10501426070165762,-0.07624782887796476,-0.030223697527809328,0.017784204127871007
-1.871743486973948,1.4910816826730193,-0.08369768545397213,1.5213125662450488,0.11336344028288182,-0.0696938676108994,-0.03225555895031549,0.01548198863684204
-1.8637274549098197,1.4761527048677856,-0.09740334571875789,1.5128852572303915,0.12121838260515301,-0.06330005380905353,-0.034053029368608774,0.01328217204235604
-1.8557114228456915,1.4619451578724143,-0.11067120354845307,1.5043156397786108,0.12824422929260856,-0.057298713106667884,-0.035547248172516255,0.011261759723258158
-1.8476953907815632,1.4488519201415577,-0.12312516799141449,1.4956796823442438,0.13418521590665425,-0.051879685121647555,-0.036699195833984906,0.00947929561797556
-1.839679358717435,1.437104553817604,-0.13453570817021673,1.487002095515965,0.13888777469714186,-0.047166660000874897,-0.03749862239847745,0.007968704594207732
-1.8316633266533067,1.4267718124475444,-0.14482758491555572,1.4782577826261631,0.14230083313238726,-0.043210271197636124,-0.0379579508362018,0.006738908359530147
-1.8236472945891784,1.417789218903005,-0.15405529820367955,1.4693852194063632,0.14445874065072348,-0.03999675540747529,-0.038104588261041114,0.005778048574018574
-1.8156312625250501,1.4100043635356783,-0.1623601464996904,1.4603065485030775,0.14545616709019232,-0.037466064173442955,-0.03797431753202631,0.005059986124545136
-1.8076152304609219,1.4032228572981367,-0.16992396605939195,1.4509487822926102,0.14542343670941318,-0.035532274909730516,-0.03760689833687814,0.004550862841650987
-1.7995991983967936,1.3972450887031083,-0.17693021617387508,1.4412619639615638,0.14450722929341617,-0.03410108482655,-0.037043732913209226,0.004214367729146036
-1.7915831663326653,1.391890007652069,-0.1835372163720563,1.4312319268238276,0.14285788717636752,-0.03308203454334507,-0.03632683292786985,0.00401527696492984
-1.783567134268537,1.3870065986877578,-0.18986382609964159,1.4208865972141365,0.14062213618146208,-0.03239537782984903,-0.035498248713926664,0.003921456498661891
-1.7755511022044088,1.38247594620732,-0.19598545079269936,1.410295602629247,0.13793910708213183,-0.03197470446107313,-0.03459934548138463,0.003904769241155483
-1.7675350701402806,1.378207352250176,-0.2019374715741861,1.3995636237274311,0.1349377362236974,-0.03176673923505002,-0.033669643037308954,0.003941326114476733
-1.7595190380761523,1.3741315922490314,-0.20772325552599294,1.3888186997965317,0.13173437463541302,-0.03172958153376292,-0.032745256713185886,0.004011400122012852
-1.751503006012024,1.3701936499382805,-0.21332427323751849,1.3781974880494516,0.12843027361546713,-0.03183032743107178,-0.03185720824854965,0.0040991851828332555
-1.7434869739478958,1.3663464706057902,-0.21871031336092583,1.3678299977710777,0.12510923204428426,-0.03204269122642976,-0.031029968402958973,0.004192477805713247
-1.7354709418837675,1.3625465464015898,-0.2238483098889374,1.3578262998897248,0.12183595048278271,-0.03234497318437019,-0.030280544074547746,0.004282303562936462
-1.7274549098196392,1.358751549064797,-0.22870888548437668,1.3482670994211199,0.11865556145499818,-0.032718517318055335,-0.029618275004133412,0.004362493801710102
-1.719438877755511,1.354919779623347,-0.23327030987919622,1.3391990607905635,0.11559452567782255,-0.03314666573421242,-0.02904532937859506,0.00442922412308652
-1.711422845691383,1.3510109291453622,-0.23752007880411286,1.330634740340794,0.11266276555803956,-0.03361413767735045,-0.028557748575686836,0.0044805381346790865
-1.7034068136272547,1.3469875417281985,-0.24145464988888937,1.3225562091031835,0.10985667682428049,-0.03410673012338676,-0.028146822715197462,0.004515886866320491
-1.6953907815631264,1.342816616690903,-0.24507799794369883,1.3149210813549672,0.10716256884527088,-0.03461123678047702,-0.027800579049394918,0.004535712314093775
-1.6873747494989981,1.3384709328859954,-0.2483996067280419,1.3076696673085293,0.10456011836352366,-0.0351154978898727,-0.027505210479238117,0.004541094667658211
-1.6793587174348699,1.3339298650589455,-0.2514323683281631,1.3007322069669391,0.10202552882055049,-0.035608512517228456,-0.027246332735075953,0.0045334711098817815
-1.6713426853707416,1.3291796376157632,-0.25419068695507574,1.2940354680340709,0.09953421434751342,-0.0360805620566724,-0.027010014594862054,0.0045144236330263545
-1.6633266533066133,1.3242130903268359,-0.25668893187769315,1.2875082970408087,0.09706293670383433,-0.03652330728716717,-0.026783565817748,0.004485526478494337
-1.655310621242485,1.319029099875107,-0.25894027688523347,1.2810859491542395,0.09459139872059943,-0.03692983294578852,-0.026556091285372136,0.00444824120079484
-1.6472945891783568,1.3136318151613358,-0.2609559019123399,1.2747131812079118,0.09210333897553799,-0.03729462506435681,-0.026318831119853312,0.0044038482703811135
-1.6392785571142285,1.3080298387216365,-0.2627445055771331,1.2683461888633956,0.08958718800572556,-0.03761347774247695,-0.026065310520630887,0.0043534071139989736
-1.6312625250501003,1.3022354414917545,-0.26431207188451816,1.2619535221707177,0.08703634734583711,-0.03788333674838942,-0.02579132413232575,0.004297739922131034
-1.623246492985972,1.2962638515974532,-0.26566183886323397,1.2555161405634638,0.0844491485995724,-0.03810209583149746,-0.02549478069195629,0.0042374371009425114
-1.6152304609218437,1.290132622270942,-0.26679442389185776,1.2490267794959942,0.08182854677006134,-0.038268366629887196,-0.025175435630161065,0.004172883180874222
-1.6072144288577155,1.2838610647201507,-0.26770806607973835,1.2424888027438814,0.07918160252324437,-0.03838124418097937,-0.024834542046761825,0.004104301280554733
-1.5991983967935872,1.2774697278490752,-0.26839894933171116,1.235914709583124,0.07651881102819608,-0.038440087911770136,-0.024474453072449366,0.004031812397953887
-1.591182364729459,1.2709799130789508,-0.26886157157433316,1.229324455004285,0.07385333766706861,-0.038444333862332036,-0.02409820981523459,0.003955503688167847
-1.5831663326653307,1.2644132226752256,-0.26908912789510675,1.222743722985683,0.07120022009648869,-0.03839334912505804,-0.023709147823483313,0.0038754982963083964
-1.5751503006012024,1.2577911484117459,-0.26907387978681635,1.2162022670599375,0.0685755899130538,-0.038286334996931924,-0.023310550777757358,0.003792018794758084
-1.5671342685370742,1.2511347109575797,-0.2688074901002525,1.2097323999443788,0.06599595557077666,-0.03812228147657263,-0.022905373159143122,0.0037054370143647032
-1.559118236472946,1.2444641586245873,-0.268281313130325,1.203367678058392,0.06347757318507795,-0.03789997236011151,-0.02249604479183035,0.0036163049056422165
-1.5511022044088176,1.2377987287263243,-0.2674866397254017,1.1971417922530465,0.06103591649022046,-0.037618037028393364,-0.022084360698726383,0.0035253636276046476
-1.5430861723446894,1.2311564683819713,-0.26641490610465846,1.1910876483339905,0.05868524448224807,-0.03727504194964433,-0.0216714510011047,0.0034335308472487106
-1.535070140280561,1.2245541066524075,-0.2650578804942115,1.185236605125891,0.056438256378210074,-0.03686961147057248,-0.02125781908598543,0.003341868880717084
-1.5270541082164328,1.2180069676774836,-0.2634078422106244,1.179617833391867,0.05430582049718242,-0.03640056511452887,-0.020843431926433027,0.003251538281135398
-1.5190380761523046,1.2115289148700272,-0.2614577626833202,1.1742577606638192,0.05229676835524611,-0.03586705969201316,-0.020427843280212233,0.0031637422694727325
-1.5110220440881763,1.2051323188228635,-0.25920149000320813,1.169179576629341,0.050417752068338345,-0.035268726276243084,-0.020010329942693642,0.003079667486894367
-1.503006012024048,1.1988280456645901,-0.2566339321786341,1.1644027940488966,0.048673164795631496,-0.034605790714745184,-0.019590024898703894,0.003000426619000303
-1.4949899799599198,1.1926254664275278,-0.25375123042966635,1.1599428822722333,0.047065121825970425,-0.03387916440669038,-0.019166036970633942,0.0029270081852149194
-1.4869739478957915,1.1865324897929372,-0.250550911464017,1.155811001129763,0.04559349949930098,-0.03309049433578949,-0.018737551037977238,0.0028602375668845964
-1.4789579158316633,1.1805556198540708,-0.24703200681996157,1.1520138590983386,0.044256031143137656,-0.032242167860589394,-0.018303905377194975,0.0028007513321542934
-1.470941883767535,1.1747000380255235,-0.24319512924116232,1.14855370763461,0.04304846006292773,-0.031337274767566,-0.01786464451424287,0.002748984871252307
-1.4629258517034067,1.168969705047023,-0.23904250102138114,1.1454284707045084,0.04196474701366537,-0.030379533593869006,-0.017419548222640528,0.0027051718719256824
-1.4549098196392785,1.163367476076676,-0.2345779359760184,1.142631997796939,0.04099732461918545,-0.029373190999803206,-0.016968639648726608,0.002669353335929605
-1.4468937875751502,1.1578952197612042,-0.22980678307270513,1.1401544202902374,0.04013738646087122,-0.0283229031747489,-0.016512177226777974,0.002641393503278026
-1.438877755511022,1.1525539313346342,-0.22473584414182343,1.1379825849860432,0.03937519576205682,-0.027233607820411242,-0.01605063566170453,0.0026210000604826875
-1.4308617234468939,1.1473438304397592,-0.21937327972948736,1.1361005353885396,0.03870039816523668,-0.026110394531548238,-0.015584680894752772,0.0026077462718581104
-1.4228456913827656,1.1422644364358743,-0.21372851611970387,1.1344900113732148,0.03810232452273195,-0.024958380386449514,-0.015115143002492894,0.0026010931291471106
-1.4148296593186374,1.137314617133724,-0.20781216343267667,1.1331309411806882,0.037570272118616146,-0.023782596253048356,-0.014642989802304824,0.0026004101907147184
-1.406813627254509,1.1324926106656938,-0.2016359503114292,1.1320019053263963,0.03709375571490541,-0.022587887862860645,-0.014169302798420071,0.0026049943773929587
-1.3987975951903808,1.1277960239702642,-0.19521267591288524,1.1310805588380273,0.03666272284091659,-0.021378834293743664,-0.013695256142775386,0.0026140865149660323
-1.3907815631262526,1.1232218146213973,-0.18855617555958432,1.130344005183791,0.036267730447599504,-0.020159685216436702,-0.013222098602468,0.0026268858084918414
-1.3827655310621243,1.1187662650660435,-0.18168129309700048,1.1297691213949355,0.035900082269160145,-0.0189343171835165,-0.012751138122581973,0.002642562670674584
-1.374749498997996,1.1144249595128481,-0.17460385106794868,1.1293328384891865,0.03555192798170761,-0.01770620844177252,-0.012283728386180092,0.0026602704010974757
-1.3667334669338678,1.1101927736991026,-0.16734060936974487,1.129012384151293,0.035216326490527014,-0.016478431160253073,-0.011821256766959826,0.00267915616100179
-1.3587174348697395,1.1060638866551216,-0.15990920396877434,1.1287854957510546,0.03488727645464149,-0.015253659510339211,-0.011365133194120622,0.0026983715573695648
-1.3507014028056112,1.1020318215904616,-0.1523280591827126,1.1286306113020048,0.03455971761265069,-0.014034191694265124,-0.010916779626425833,0.0027170829829846165
-1.342685370741483,1.0980895204136967,-0.144616269590374,1.1285270441323052,0.03422950677485846,-0.012821983810668342,-0.010477619987391896,0.0027344816900854163
-1.3346693386773547,1.0942294534838286,-0.13679345046386365,1.1284551444879236,0.03389337246943975,-0.011618693273312167,-0.010049070552807994,0.0027497934452989504
-1.3266533066132267,1.0904437632748494,-0.12887955842745935,1.128396448530781,0.03354885222773804,-0.010425729358659852,-0.009632530883080635,0.00276228753723493
-1.3186372745490984,1.0867244379785146,-0.12089468659274481,1.1283338126529365,0.033194216426500646,-0.009244308376878023,-0.009229375433692793,0.0027712848832986375
-1.3106212424849701,1.0830635088885938,-0.11285884053098494,1.1282515289722939,0.0328283825378617,-0.008075510978830788,-0.008840945938717848,0.0027761649956899513
-1.3026052104208419,1.0794532638891752,-0.10479170309597187,1.1281354167045323,0.032450823447861744,-0.006920339121413946,-0.008468544609016568,0.0027763716199037084
-1.2945891783567136,1.0758864686270293,-0.09671239724137444,1.1279728837339429,0.03206147325827082,-0.0057797702421343656,-0.008113428112910312,0.0027714169321313765
-1.2865731462925853,1.0723565870592822,-0.0886392565543381,1.127752952891076,0.0316606337545041,-0.004654806261729524,-0.007776802210001493,0.0027608842562203057
-1.278557114228457,1.068857994067373,-0.08058961323820751,1.1274662478455268,0.031248884572999763,-0.0035465151578239797,-0.00745981678472076,0.0027444293203076815
-1.2705410821643288,1.0653861747255775,-0.07257961279568323,1.1271049340631942,0.030826999907647538,-0.002456062908757704,-0.0071635609417377965,0.002721780123540921
-1.2625250501002006,1.0619379075358057,-0.06462406367229821,1.1266626105889637,0.030395874398948003,-0.0013847336137045325,-0.006889057768091711,0.002692735511663989
-1.2545090180360723,1.058511432354935,-0.05673632857887963,1.1261341481257858,0.02995646069820749,-0.0003339355951353283,-0.006637258311769286,0.0026571625532902736
-1.246492985971944,1.0551066076840423,-0.04892826214301016,1.125515467862264,0.029509721018474943,0.000694808748427541,-0.006409034290266774,0.0026149927665299684
-1.2384769539078158,1.0517250663045083,-0.04121019703997605,1.124803253724583,0.029056594703304392,0.001699891662604555,-0.006205169044205943,0.002566217171924284
-1.2304609218436875,1.0483703828490851,-0.03359097811135142,1.123994588485834,0.02859798330368144,0.0026796698751653534,-0.006026346357211135,0.0025108800627907848
-1.2224448897795592,1.045048271701054,-0.026078041402960075,1.1230865010509161,0.02813475420749292,0.0036325381389604545,-0.005873136858732823,0.002449071268563886
-1.214428857715431,1.0417668385818921,-0.018677533074538493,1.1220754089505485,0.027667763293644336,0.0045570290507436825,-0.00574598192742151,0.0023809165866087835
-1.2064128256513027,1.0385369140318625,-0.011394461951743276,1.1209564366608968,0.027197896612276784,0.0054519413824088885,-0.005645175220860726,0.0023065659664709966
-1.1983967935871744,1.0353725000545655,-0.004232879543349359,1.1197225885973394,0.026726130074561063,0.006316498710566842,-0.00557084240585292,0.0022261790091378866
-1.1903807615230462,1.0322937075986003,0.002803920726464135,1.1183612060331658,0.02625360459121493,0.007150908599346688,-0.005522886214962109,0.00213984760878979
-1.182364729458918,1.0293258001564833,0.009713188144985235,1.1168546339768373,0.025781718855189335,0.007956311521816533,-0.0055009939983082096,0.0020476235487913923
-1.1743486973947896,1.026493990098146,0.016492494037769402,1.1151855896067286,0.025312227467639184,0.008734055634510213,-0.005504704080494771,0.0019496475742838847
-1.1663326653306614,1.0238348579169831,0.023139525132124517,1.1133244453498334,0.024847333188678298,0.00948757998090803,-0.005533240936878438,0.001845862631761963
-1.1583166332665331,1.0213938684283255,0.02965187317776173,1.111231675418546,0.024389787232918618,0.010222087614837585,-0.005585563894017507,0.0017360883567138984
-1.1503006012024048,1.0192270548036149,0.03602683890612358,1.1088558764247691,0.02394297280998214,0.010944843663184795,-0.005660362083781918,0.001619993480399863
-1.1422845691382766,1.0174030400162488,0.04226124637585969,1.106131557824105,0.023510971558754343,0.011665483223473572,-0.00575605512648967,0.0014970697427150697
-1.1342685370741483,1.0160051842950193,0.04835126531238744,1.1029770129668113,0.023098608373349764,0.012396280428366773,-0.005870802161892408,0.001366617192528177
-1.12625250501002,1.0151329715880164,0.05429223945705357,1.099293344048662,0.022711470469678145,0.013152225870863581,-0.006002528371068357,0.0012277658345361613
-1.1182364729458918,1.0149034756875128,0.06007851826680068,1.0949638500510095,0.02235589790286907,0.013951026646534423,-0.006148954025479833,0.0010795204965697077
-1.1102204408817635,1.0154531734696688,0.06570328752201696,1.089853645052014,0.022038947464041513,0.014813051039199877,-0.006307619166025735,0.0009208321348016594
-1.1022044088176353,1.0169374828455782,0.07115840324561344,1.0838125138222339,0.02176832988987896,0.015760806066124455,-0.00647592946478211,0.0007507546946120352
-1.094188376753507,1.0195316198515827,0.076434235918395,1.0766772526106716,0.021552321718374557,0.016818483834613436,-0.006651172717414614,0.0005686167131012564
-1.0861723446893787,1.0234296808815997,0.0815195307507358,1.0682769510836347,0.021399656160033084,0.01801110713075391,-0.0068305384395366976,0.0003742678942199573
-1.0781563126252505,1.0288441520891656,0.08640129912156051,1.0584388816114398,0.0213193931497602,0.019363611719599258,-0.007011109634404699,0.0001683482054910203
-1.0701402805611222,1.035999741532311,0.09106476500524568,1.0470011992765764,0.021320761288014075,0.020899027285199715,-0.0071898902436809235,-4.7349457431919115e-05
-1.062124248496994,1.0451326233243605,0.09549338264103281,1.033820453804893,0.02141296767203379,0.022637415384742565,-0.007363744532814215,-0.0002696440323533327
-1.0541082164328657,1.0564841040191622,0.09966892856028377,1.0187848168928992,0.02160497442411312,0.024594074845842057,-0.007529377077790368,-0.0004937311760671321
-1.0460921843687374,1.0702933746444765,0.1035716936021506,1.0018271144634303,0.021905222066017672,0.02677783025181234,-0.007683304454402742,-0.0007130957930865284
-1.0380761523046091,1.086789239189718,0.10718077940502592,0.9829366421549321,0.022321287624161888,0.029189538897714123,-0.007821831005539544,-0.0009196292892883396
-1.0300601202404809,1.106179835064274,0.1104744959219907,0.9621694126369754,0.02285946412639435,0.03182085653131143,-0.00794105110342328,-0.0011039866948560414
-1.0220440881763528,1.1286398981694346,0.11343084487825647,0.9396558345843841,0.023524249557340025,0.03465338633591225,-0.0080368933210111,-0.0012562012954083924
-1.0140280561122246,1.1542953753781346,0.11602805003392017,0.9156047036229298,0.024317742541751886,0.03765834777509531,-0.008105216364210336,-0.0013665356547989096
-1.0060120240480963,1.1832053014197585,0.11824505458622156,0.8903026545569727,0.025238961293690777,0.040796863333592774,-0.008141959616758634,-0.0014264987645026294
-0.997995991983968,1.215344117038367,0.12006184188978992,0.8641064834506175,0.026283137584214918,0.04402119002549327,-0.00814331238383831,-0.0014299067103936724
-0.9899799599198398,1.2505739625207875,0.12145935188477931,0.8374366899902342,0.02744107995591907,0.04727578052190386,-0.008105980869177461,-0.0013738492603364626
-0.9819639278557115,1.2886290629993717,0.12241867808344709,0.8107573518175875,0.028698766452069546,0.050500130051377934,-0.008027315127934309,-0.0012593894613905344
-0.9739478957915833,1.329094184637063,0.12291910986294653,0.7845588574294785,0.030037406682654408,0.05363122846455683,-0.007905430164275157,-0.001091873746345072
-0.965931863727455,1.3713989541926437,0.12293453308927801,0.7593325270324908,0.03143427441185699,0.05660705735753572,-0.007739083874432628,-0.000880724187332392
-0.9579158316633267,1.4148212311699329,0.12242774383085822,0.7355471580585045,0.032864641785315805,0.05936981156033525,-0.007527357797189659,-0.0006387358982649615
-0.9498997995991985,1.458515537746936,0.12134237081903697,0.7136233233314584,0.03430511579358522,0.061869362102494344,-0.007269016619248891,-0.00038089570261196575
-0.9418837675350702,1.5015699842600678,0.11959242470987105,0.6939093002508782,0.035738543114489096,0.06406639423043947,-0.0069615902275487595,-0.0001228571056360528
-0.9338677354709419,1.5430908950339377,0.1170498762933733,0.6766623676880487,0.03716042568278801,0.06593463781864886,-0.006600304401920218,0.00012071541749053006
-0.9258517034068137,1.5823161221967261,0.11353115644040841,0.6620353567799704,0.038586482160226386,0.06746209641317227,-0.006177000020687659,0.00033776248038765573
-0.9178356713426854,1.6187463761680694,0.10878406355651032,0.6500703915564574,0.040060646078195615,0.06865096771625351,-0.005679270805393328,0.0005202402930613165
-0.9098196392785571,1.6522701488169724,0.10247760343451427,0.6407029996542046,0.041662390045710505,0.06951594055832731,-0.005090124985849471,0.0006651801893321035
-0.9018036072144289,1.683260968377708,0.09419955241467559,0.6337738096545747,0.04351164524215898,0.07008159927087106,-0.004388440536526788,0.000775422355023079
-0.8937875751503006,1.7126089223056151,0.08347074505816557,0.6290474934707411,0.045768495127743156,0.07037968023602946,-0.0035506785990831228,0.0008600147286668984
-0.8857715430861723,1.741648715824566,0.06979052757112691,0.6262340166575491,0.048623257485805614,0.07044772728955431,-0.002554411200438451,0.0009342484180472599
-0.8777555110220441,1.77195359580247,0.05272979408297591,0.6250040855405351,0.0522714693229371,0.0703308092811679,-0.0013840511810348521,0.0010190930534652405
-0.869739478957916,1.8049872458902136,0.0320762551609198,0.6249930760220422,0.05687033796015551,0.07008638852175927,-3.826250824013139e-05,0.0011393888869746683
-0.8617234468937878,1.8416723552276268,0.008002082106116153,0.6257944661063938,0.06248173053018288,0.06978943291062426,0.0014634179388014416,0.0013199891788383323
-0.8537074148296595,1.882125981635256,-0.01882248056798722,0.6269229370933371,0.06902102586240612,0.0695366332084413,0.0030800761867763988,0.0015804098049218309
-0.8456913827655312,1.9253025013661005,-0.04726043031189646,0.6279193228718541,0.07624124565373866,0.06942315780245546,0.00475317719062222,0.0019266488786705777
-0.837675350701403,1.9693200660618089,-0.0759157630064274,0.6283758386998262,0.08377310382468331,0.0695262745947176,0.006419381892594871,0.0023483315406761895
-0.8296593186372747,2.0119683943588025,-0.10343992325145136,0.6280081459693476,0.09121056746834798,0.06988522618728614,0.008022371951477288,0.002820795450240369
-0.8216432865731464,2.0512196399361304,-0.12879643088077683,0.62671108285704,0.09820297523247355,0.07049124002809454,0.009518676750437235,0.003311926577216519
-0.8136272545090182,2.08563564998294,-0.1513842346864481,0.6245399095381243,0.104513881204498,0.07129580163168993,0.010878678186411339,0.003790686888970491
-0.8056112224448899,2.114483425769454,-0.1710135057541527,0.6216606935642051,0.11003114186144704,0.07222636240202442,0.012084387584418448,0.00423299583269261
-0.7975951903807617,2.1376501630142064,-0.1877945515326785,0.6182864271923412,0.11474072578486284,0.07320313346296094,0.013126996391186979,0.00462388328232095
-0.7895791583166334,2.1554567193071636,-0.20200892369035417,0.6146264086829415,0.11868772680672691,0.07415144101729293,0.014004906642038685,0.004956697564783307
-0.7815631262525051,2.1684524043957945,-0.21400536892177283,0.6108605169163883,0.12194288351265951,0.07500835875501727,0.014721992765043905,0.0052308887441884005
-0.7735470941883769,2.1772371237794883,-0.22413351983830224,0.6071363182848509,0.12458199992116296,0.07572487105798478,0.01528586895458102,0.0054495710398320026
-0.7655310621242486,2.182364360939827,-0.2327101417306598,0.6035707829858468,0.12667741137398017,0.07626702137759946,0.01570681326847809,0.005617687898414083
-0.7575150300601203,2.1843045020476053,-0.24000659867912555,0.6002548412614542,0.12829719651614052,0.07661624847377319,0.0159970804852102,0.0057408197182627786
-0.7494989979959921,2.183447233164649,-0.2462471220673272,0.5972591147672873,0.1295077677531048,0.0767688195786503,0.016170337789676366,0.005824476621747604
-0.7414829659318638,2.18012436514871,-0.2516111626518103,0.5946397832241528,0.13037677972540576,0.07673423703898904,0.016241029899205808,0.005873690529732114
-0.7334669338677355,2.1746355813164837,-0.2562368548412209,0.5924445039813032,0.13097472683779002,0.07653256418330219,0.01622357336907192,0.005892763448056501
-0.7254509018036073,2.1672669567966953,-0.2602250461579785,0.5907175455551665,0.13137462205143918,0.07619094208226987,0.016131459833418172,0.005885118564035231
-0.717434869739479,2.158300336662495,-0.26364423406577947,0.589502570155095,0.13164974968391696,0.07573980122391158,0.015976467231080663,0.005853266630764687
-0.7094188376753507,2.1480165156389237,-0.2665366129205104,0.5888418242398473,0.13186986441928128,0.07520928611939008,0.01576817091650274,0.005798911852585924
-0.7014028056112225,2.1366953014152514,-0.2689249516654655,0.5887718560544087,0.1320965177929919,0.07462626346622465,0.015513839725848697,0.005723188461532399
-0.6933867735470942,2.124613623423097,-0.2708196756668219,0.5893172627832423,0.13237843415550277,0.07401213245577683,0.015218683831636057,0.005626977914014311
-0.685370741482966,2.1120416826537256,-0.27222546470777975,0.5904845392306434,0.13274792968504806,0.0733815691791842,0.014886351406854853,0.005511235510510736
-0.6773547094188377,2.099237021110704,-0.2731468204830876,0.5922578774119801,0.13321918062595398,0.07274225314703306,0.014519544925187474,0.005377257544413267
-0.6693386773547094,2.0864370020623753,-0.27359225920770136,0.5945980221344288,0.13378871930515385,0.0720955049709864,0.014120630983563063,0.005226840307953349
-0.6613226452905814,2.0738513474225866,-0.2735769700265831,0.5974442522923492,0.1344380085979148,0.07143764823646077,0.01369214841719955,0.005062314086020481
-0.6533066132264531,2.0616570310659497,-0.2731239420947011,0.6007186739286612,0.13513750193464283,0.07076182469314782,0.013237163987445623,0.004886466534434756
-0.6452905811623248,2.0499971349329615,-0.2722637170363409,0.6043316524022847,0.13585136784462004,0.07005994968523784,0.012759463230740687,0.004702389505385214
-0.6372745490981966,2.038983493846433,-0.2710330631377783,0.6081874135071605,0.13654207234648422,0.06932449766502596,0.012263585205639659,0.004513288038406552
-0.6292585170340683,2.02870135899918,-0.26947296484542954,0.61218927898759,0.13717420608014866,0.06854986625393608,0.011754720265109327,0.004322285175935415
-0.6212424849699401,2.019213996306202,-0.26762634801611856,0.6162442935204571,0.13771721467700643,0.0677331814146648,0.011238501892859664,0.004132248839667579
-0.6132264529058118,2.0105659311771227,-0.2655359113716515,0.6202670798451937,0.13814695123253798,0.0668745382766795,0.010720735924785238,0.003945659338500913
-0.6052104208416835,2.0027844475666554,-0.26324232689397103,0.6241828159171451,0.13844616647636335,0.06597676735208832,0.010207110902861756,0.0037645264307118323
-0.5971943887775553,1.9958794435272564,-0.26078294071964286,0.6279293490766054,0.1386041694329948,0.06504485599414839,0.00970292024338647,0.0035903542782866273
-0.589178356713427,1.9898421187204514,-0.2581909858380756,0.6314585311499773,0.13861593680021117,0.06408516528453931,0.009212813806530702,0.003424145349154055
-0.5811623246492987,1.9846433687615752,-0.2554952322511227,0.6347368190899323,0.13848094077192552,0.06310458351327339,0.008740591769855975,0.0032664320280067108
-0.5731462925851705,1.9802329000500247,-0.2527199585972386,0.6377451389744108,0.1382019217303876,0.06210974428007574,0.008289052702903204,0.0031173253982130097
-0.5651302605210422,1.9765398205144864,-0.24988512849062292,0.6404780301606897,0.13778377103439782,0.06110640662425945,0.007859905289206673,0.0029765725899794995
-0.5571142284569139,1.9734749734443378,-0.24700668316370308,0.6429421525726928,0.13723262393023167,0.060099054671313545,0.007453749112743738,0.0028436167202649347
-0.5490981963927857,1.970934770637766,-0.24409690297851183,0.6451543154147146,0.1365552039313034,0.05909073426001353,0.007070125066239585,0.0027176562448733184
-0.5410821643286574,1.9688059279410195,-0.24116482731519379,0.6471392315694969,0.13575841449000256,0.058083111683012584,0.006707631268623007,0.0025977029394597603
-0.5330661322645291,1.966970397207004,-0.2382167427654302,0.648927201008511,0.1348491438940555,0.057076718530449176,0.006364096247251808,0.002482639174794289
-0.5250501002004009,1.9653098947603795,-0.235256748571147,0.6505518890862101,0.13383423383100806,0.0560713351860339,0.006036797047425089,0.0023712753139477744
-0.5170340681362726,1.9637096463987112,-0.23228738963473838,0.6520483164234516,0.1327205573699166,0.05506645990131708,0.0057227054306536376,0.0022624070416498304
-0.5090180360721444,1.9620611991292334,-0.22931032150006442,0.6534511351403286,0.1315151539621242,0.054061807818217615,0.005418741012488228,0.002154870823464965
-0.5010020040080161,1.960264330133792,-0.22632695067017905,0.6547932345484068,0.13022537408085344,0.053057784835171894,0.0051220077304080566,0.0020475942942040017
-0.4929859719438878,1.9582281988588612,-0.2233389865110221,0.656104690913079,0.12885899258016964,0.05205588644469659,0.004829991106961062,0.0019396378379561274
-0.48496993987975956,1.9558719448537103,-0.22034885039731497,0.6574120452749996,0.12742425764033236,0.05105898253329778,0.004540698908970597,0.0018302241591966906
-0.4769539078156313,1.953124940439152,-0.21735990968817934,0.6587378636403384,0.12592985201925355,0.050071464485079,0.00425273597277022,0.0017187540232722384
-0.46893787575150303,1.949926871421321,-0.21437653045927127,0.6601005137478121,0.12438475580148113,0.04909924788319945,0.0039653131356397085,0.0016048080862097096
-0.460921843687375,1.9462277534738603,-0.21140396512798,0.6615140892480265,0.12279801444971025,0.04814963933226346,0.0036781983006651045,0.0014881363623040665
-0.4529058116232467,1.9419879157738635,-0.20844810342917555,0.662988426063101,0.12117843097417927,0.04723108691278153,0.0033916232759853998,0.0013686380871420017
-0.44488977955911846,1.937177919037245,-0.20551511621372398,0.6645291804221524,0.11953421388550181,0.04635283947637251,0.0031061627326668313,0.0012463354255075436
-0.4368737474949902,1.9317783401188278,-0.20261101389055755,0.6661379633007479,0.11787262080683085,0.04552454082232029,0.0028226017569806896,0.001121344698003625
-0.42885771543086193,1.9257793571932063,-0.19974113016422868,0.6678125424936271,0.1161996396622645,0.04475578221108623,0.0025418067525373026,0.0009938486615026052
-0.42084168336673367,1.9191801023139967,-0.19690953279268653,0.6695471270601183,0.1145197451226298,0.0440556325223353,0.0022646116018798577,0.0008640729647098293
-0.4128256513026054,1.9119877946199408,-0.19411836126658624,0.6713327415816859,0.11283575871588336,0.04343216137430859,0.001991727549689255,0.0007322692590206162
-0.40480961923847714,1.9042167046111722,-0.1913670997223528,0.6731576870982201,0.1111488287689204,0.042891967912460145,0.0017236815136733577,0.0005987065959264066
-0.39679358717434887,1.895887005796776,-0.18865181313090074,0.6750080819771613,0.10945853335635378,0.04243972726321771,0.001460783609052052,0.0004636716989813164
-0.3887775551102206,1.8870235296081386,-0.1859644047447005,0.676868489146779,0.10776309745672506,0.04207776752705525,0.001203120700498751,0.0003274774836180936
-0.38076152304609234,1.8776543487441844,-0.18329198938560806,0.6787226726651082,0.10605970555193268,0.04180569152542853,0.0009505689551830103,0.00019047785014829956
-0.3727454909819641,1.8678089820342973,-0.18061651403702517,0.6805545873877837,0.10434488315538543,0.041620057550963596,0.0007028149892935487,5.30853544125626e-05
-0.3647294589178358,1.8575158626765855,-0.17791478492378404,0.6823497837323192,0.10261491484456539,0.04151413014168547,0.00045937277202151794,-8.421303062327051e-05
-0.35671342685370755,1.8467985752650875,-0.17515906669619366,0.6840974892885282,0.10086626167291945,0.041477704000269434,0.00021958258840940886,-0.00022084802452407426
-0.3486973947895793,1.8356702879615887,-0.17231839121262318,0.6857936850058064,0.09909593679328757,0.041496991681167814,-1.7420336950669212e-05,-0.00035617461656598756
-0.340681362725451,1.8241258318046576,-0.16936063940153487,0.6874454931218902,0.09730179461787945,0.04155455096339209,-0.0002527761140270486,-0.0004894992847263444
-0.33266533066132276,1.8121310577352572,-0.16625533497587794,0.6890771016974602,0.09548268659814256,0.04162921591598515,-0.0004880115992446388,-0.0006201318459995826
-0.3246492985971945,1.7996094799358842,-0.16297692063206787,0.6907372378944747,0.09363843785431814,0.04169599341927366,-0.0007251869939122296,-0.0007474611710371697
-0.3166332665330662,1.7864268335476723,-0.15950810027150247,0.6925078589319904,0.09176960742961465,0.041725901080573065,-0.0009670626612273038,-0.0008710459834713284
-0.30861723446893796,1.7723750656942148,-0.15584266911797368,0.6945132774634454,0.08987701670907325,0.04168575683195685,-0.0012172624561343373,-0.0009907005306553445
-0.3006012024048097,1.7571584360414327,-0.15198717899420233,0.6969284392044638,0.08796107162678121,0.04153798306281775,-0.0014804020137940944,-0.0011065409799990095
-0.29258517034068143,1.740385735346037,-0.14796086579340598,0.6999846281306977,0.08602096723987944,0.04124055009079264,-0.0017621432500447458,-0.001218944649218405
-0.28456913827655317,1.7215738725931544,-0.14379354980268172,0.7039706188088102,0.08405394111809807,0.0407472406895446,-0.002069129174063438,-0.0013283656311628169
-0.2765531062124249,1.7001686968612586,-0.1395217033771564,0.7092273548913665,0.08205481256103854,0.04000845260243542,-0.002408746751887679,-0.001434954322688196
-0.26853707414829664,1.6755880782237818,-0.1351834707393319,0.7161346927478649,0.08001606997218866,0.03897275435039461,-0.0027886647160503086,-0.0015379530485924767
-0.2605210420841684,1.6472890553453308,-0.13081392337307446,0.7250896080048611,0.07792870612007577,0.03758936029536064,-0.003216107868113317,-0.0016348913655294221
-0.25250501002004033,1.614854833960708,-0.12644198347297197,0.7364764042967771,0.0757838274998159,0.03581158904528723,-0.0036968713116796196,-0.0017206817910108277
-0.24448897795591207,1.5780894699211525,-0.12209005026214957,0.7506306699392014,0.07357480510320956,0.033601219175414865,-0.004234150874404287,-0.0017868074766787534
-0.2364729458917838,1.537100892606477,-0.11777644310385343,0.7677997512193803,0.07129947591345213,0.03093347564296618,-0.004827353959449961,-0.0018208733907827655
-0.22845691382765554,1.4923503788659318,-0.11351965944535483,0.7881031886894558,0.06896176873809616,0.02780220086240277,-0.005471121431000599,-0.0018068297219613323
-0.22044088176352727,1.4446515780634488,-0.10934265927488616,0.8114969204757811,0.06657220814680569,0.024224621044173545,-0.006154795416202398,-0.0017261391367515775
-0.212424849699399,1.3951142378837833,-0.10527535684855154,0.8377452997117485,0.06414704696032976,0.020245029956315837,-0.0068624951179166145,-0.00156002676058573
-0.20440881763527075,1.3450424246249577,-0.10135426219981009,0.86640532248456,0.06170618159064333,0.015936673093791032,-0.0075738404422188745,-0.001292718367337422
-0.19639278557114248,1.295808104446295,-0.0976193733906662,0.8968278961162495,0.059270349390200996,0.011401115213940386,-0.008265246675421004,-0.0009152569398827198
-0.18837675350701422,1.2487242441546567,-0.09410940214103734,0.9281810615339517,0.056858261668862646,0.006764435944418668,-0.008911647053557856,-0.00042914562364295756
-0.18036072144288595,1.2049370294400197,-0.09085682335008974,0.9594990637341588,0.05448425975568491,0.0021697927860621826,-0.00948848769926461,0.00015119827444539389
-0.1723446893787577,1.1653478029901303,-0.0878840373106719,0.9897582852693181,0.05215686364062876,-0.0022336891160204455,-0.0099738463027876,0.0007982276528533765
-0.16432865731462942,1.1305665051776406,-0.08520137038065853,1.0179758506116463,0.049878325257411586,-0.006305024590082953,-0.010350505187587691,0.001473993875940335
-0.15631262525050116,1.100893467766834,-0.0828070278674255,1.0433191577531167,0.047645089984608466,-0.009926771290687749,-0.01060773199625784,0.002135743392028548
-0.1482965931863729,1.076326756036293,-0.0806886493368698,1.0652057734598783,0.04544894152190996,-0.013018832811519962,-0.010742406460298256,0.002743227017217426
-0.14028056112224463,1.0565956513219676,-0.07882584859852153,1.0833669548558862,0.04327854183686577,-0.015546953331509667,-0.010759080655793118,0.0032656137780365546
-0.13226452905811636,1.0412213172196403,-0.07719302943887907,1.0978521166812394,0.04112105985370357,-0.01752281736303964,-0.0106687388263923,0.003685737155603214
-0.1242484969939881,1.0295978735237072,-0.07576185469435501,1.1089714848629537,0.03896361719992352,-0.01899549704168738,-0.010486496854435787,0.004000479561299983
-0.11623246492985984,1.021075364731755,-0.07450300590573299,1.1172014258525582,0.036794380593759196,-0.0200377979278965,-0.01022898095949813,0.004217942130441282
-0.10821643286573157,1.0150252667652935,-0.07338719575352916,1.1230879895661674,0.03460326509652172,-0.020732532963391934,-0.0099121638597597,0.0043532303668126935
-0.1002004008016033,1.0108837999754021,-0.07238559996045116,1.1271690223344886,0.03238230238978162,-0.021161539726537663,-0.009549965717054553,0.004424380949183501
-0.09218436873747504,1.0081780006461862,-0.07146990434155263,1.1299189194460588,0.030125745981575722,-0.02139793819118055,-0.009153559128008533,0.0044491484576737045
-0.08416833667334678,1.00653473356952,-0.07061214653348641,1.1317195115962584,0.02782998613933514,-0.021502062595845965,-0.008731300104806664,0.004443040805192942
-0.07615230460921851,1.00567568084852,-0.06978451646834524,1.1328538165037785,0.025493349323349547,-0.021520565584718782,-0.008289092912100754,0.004418518945953153
-0.06813627254509025,1.005403598011188,-0.06895923650133914,1.1335151434846225,0.02311584509369295,-0.021487617393776106,-0.007830962173060398,0.004385005921583758
-0.060120240480961984,1.0055849406026163,-0.06810858723030744,1.133823943444731,0.02069890466967723,-0.021427130165266053,-0.0073596533370023825,0.004349325345119123
-0.05210420841683372,1.006132687286269,-0.06720509362931666,1.1338466097052864,0.018245136793257063,-0.021355206597053714,-0.006877153331863086,0.0043162803902413735
-0.04408817635270568,1.0069915684622022,-0.06622184606656477,1.1336127579071729,0.015758111842259736,-0.021282345816873858,-0.006385086239517747,0.004289202704181631
-0.03607214428857741,1.0081265049046617,-0.06513290619251075,1.133129482299523,0.013242175935287384,-0.0212152179606389,-0.005884981011958763,0.004270398087561485
-0.028056112224449148,1.0095142977700609,-0.06391373757116718,1.1323921827445034,0.010702291990106198,-0.021157971281734994,-0.005378428244516962,0.004261470374051258
-0.020040080160320883,1.0111380733035067,-0.06254160303333053,1.131392291465842,0.008143902822231116,-0.021113135438168246,-0.00486715136196848,0.004263538464316534
-0.012024048096192619,1.0129836866961153,-0.06099588310891951,1.1301226333735266,0.0055728113539615836,-0.021082237154358176,-0.004353017528425203,0.004277378259596471
-0.004008016032064354,1.0150373328698474,-0.059258288176869796,1.128581145949296,0.0029950736257099418,-0.021066238464654604,-0.003838008157914994,0.004303520413733389
0.00400801603206391,1.0172841946357234,-0.057312954032350406,1.1267730697617229,0.00041689978353647586,-0.021065815806484353,-0.003324162402552249,0.004342310447893696
0.012024048096192175,1.019708647036851,-0.055146420600573995,1.1247110059781797,-0.002155444862878939,-0.021081392172364273,-0.0028135064861710764,0.004393909600325527
0.02004008016032044,1.022295714495575,-0.05274750323690804,1.1224132039614565,-0.004715747978900163,-0.021112968629237703,-0.0023079857198107824,0.004458249495539445
0.028056112224448704,1.025032480983762,-0.050107082743920985,1.1199015624801028,-0.007257971634618009,-0.02115995941724456,-0.0018094094491841186,0.004534994057222912
0.03607214428857697,1.027909031312792,-0.047217852221310315,1.1171998592881867,-0.009776385283277315,-0.02122109507289659,-0.0013194100058187234,0.004623524678962582
0.04408817635270523,1.0309188243030305,-0.044074059546805294,1.1143323753576848,-0.012265705589702783,-0.021294406830518708,-0.0008394140228995859,0.0047229508868218955
0.0521042084168335,1.0340601352172067,-0.04067127136920452,1.1113212259055527,-0.014721239148006599,-0.02137703935083555,-0.0003706357256064005,0.0048320793604679745
0.06012024048096176,1.0373367923674066,-0.037006177465103145,1.1081844289188718,-0.017139022115018904,-0.021465170798219226,8.591363321100276e-05,0.004949412882472578
0.06813627254509003,1.040758303675641,-0.03307645289208258,1.104934679035809,-0.019515946102367926,-0.02155402490292067,0.0005294045808206501,0.005073174174800457
0.07615230460921829,1.0443399637450304,-0.028880682210730202,1.1015782668880796,-0.021849861615672712,-0.02163788493808112,0.0009591551387324582,0.005201330602737362
0.08416833667334656,1.0481024298149737,-0.024418341847205566,1.098114752553569,-0.024139652418580924,-0.021710188832251367,0.001374591277523374,0.005331640143497297
0.09218436873747482,1.052071551363278,-0.019689831175441784,1.0945366101553142,-0.026385276700471923,-0.021763587112241727,0.0017751972624786114,0.005461688111830601
0.10020040080160308,1.0562777340312832,-0.014696539646307249,1.0908296341962178,-0.028587774756016475,-0.02179007373121915,0.002160466994394157,0.005588943653276412
0.10821643286573135,1.060755203152914,-0.009440938781919803,1.0869737250949243,-0.03074924515072294,-0.02178113440976449,0.0025298565877935105,0.005710822050198081
0.11623246492985961,1.0655444631913868,-0.003926686091930668,1.0829406947301536,-0.03287279494851673,-0.02172742861935303,0.002882685858697071,0.005824629225921102
0.12424849699398788,1.070683567982381,0.001841273533798195,1.078703767152764,-0.03496247430010021,-0.021620125002048067,0.0032182254775577177,0.005927932735587286
0.13226452905811614,1.0761752818615384,0.00785659272521487,1.0742708625526038,-0.037023214089582965,-0.021455653456924653,0.0035362891944334786,0.006019794968392254
0.1402805611222444,1.0820719004443913,0.014111429973680532,1.0695998881317565,-0.039060747435603456,-0.021223380341764,0.0038356987595821773,0.006097653431301285
0.14829659318637267,1.0884063018252175,0.02059640097405248,1.0646695017779513,-0.041081586151094834,-0.020915730697064032,0.004115452886799772,0.006159937543803045
0.15631262525050094,1.095208929465468,0.027300458518294293,1.0594627544280248,-0.043092985033246614,-0.02052570408380192,0.004374430978475599,0.006205457175467192
0.1643286573146292,1.102508440221381,0.03421080050155619,1.053967343672745,-0.04510294455035657,-0.020046782451305395,0.00461138079771811,0.00623340025153104
0.17234468937875747,1.1103316795780918,0.041312764796954365,1.048176540078243,-0.04712024846984479,-0.01947292731175068,0.004824926302999197,0.006243349724216079
0.18036072144288573,1.1187037594754101,0.04858971981546614,1.042089973424723,-0.049154540234701644,-0.018798552796933182,0.0050135833206398665,0.006235289086334182
0.188376753507014,1.1276482169942272,0.056022950322505025,1.0357142817369,-0.051216437532488446,-0.018018478595914142,0.005175784011544132,0.006209595969356767
0.19639278557114226,1.137187235066703,0.0635915394558485,1.0290636231733012,-0.05331768059784419,-0.0171278674806449,0.005309911333421852,0.006167023296677465
0.20440881763527052,1.1473419096157105,0.07127225192157377,1.0221600456261308,-0.05547130550785806,-0.016122153631520825,0.005414345123238074,0.006108667437089228
0.2124248496993988,1.1581325491449073,0.07903942878092746,1.0150337007110029,-0.05769182844920741,-0.01499697025165227,0.005487521912594997,0.006035922817866074
0.22044088176352705,1.169578992058349,0.08686491061031076,1.0077228771268245,-0.05999542013739773,-0.01374808783319834,0.005528011032380767,0.005950422523451587
0.22845691382765532,1.1817009240237244,0.09471801323396467,1.000273813367003,-0.062400040984070024,-0.012371377554842692,0.005534609837359459,0.0058539645944963034
0.23647294589178358,1.1945181729534768,0.1025655885510188,0.9927402319679584,-0.06492549787153867,-0.010862817410739248,0.005506460577144796,0.005748424130934947
0.24448897795591185,1.2080509532088688,0.11037221148871215,0.9851825188618049,-0.06759337373682149,-0.009218561163634514,0.0054431900553969575,0.005635652045205789
0.2525050100200401,1.2223200242369143,0.11810054159093912,0.9776664571104636,-0.07042677294401006,-0.007435090407588631,0.005345070450882411,0.005517362688698725
0.26052104208416793,1.2373467230673545,0.12571191159134562,0.9702614203047304,-0.07344982202052802,-0.005509466472375947,0.0052131948268333205,0.005395014772116722
0.2685370741482962,1.25315282652126,0.13316719200853816,0.9630379451969722,-0.07668687118808823,-0.003439689884005294,0.0050496533994595395,0.005269693114333039
0.27655310621242446,1.2697601998875243,0.14042796651397452,0.9560646448632596,-0.08016136167903015,-0.0012251588459272508,0.004857686712144183,0.005142002675920553
0.2845691382765527,1.2871901968588513,0.14745802421704446,0.9494044993879217,-0.08389436057891139,0.001132805755723977,0.00464178055501071,0.005011990517541928
0.292585170340681,1.3054627930097795,0.15422513079471326,0.9431106698574773,-0.08790281929209631,0.0036304306953205087,0.004407657195933837,0.0048791146344293055
0.30060120240480925,1.3245954630377894,0.16070298356384194,0.9372221112470254,-0.09219767782666022,0.006261046865253458,0.004162112358770516,0.004742279413854435
0.3086172344689375,1.344601848800761,0.16687319482606117,0.9317593847617502,-0.09678200128460392,0.00901484125220156,0.003912652590413013,0.004599953928655046
0.3166332665330658,1.3654903059059083,0.1727270969266995,0.9267211537056381,-0.10164937746768705,0.011878910297020017,0.003666907750919473,0.0044503801314360525
0.32464929859719405,1.3872624532441493,0.17826713737785488,0.9220818527374192,-0.10678280512501458,0.014837685484061697,0.003431829821681303,0.004291863449331167
0.3326653306613223,1.40991187310223,0.18350764557345256,0.9177909283124739,-0.11215424993782012,0.017873734881579145,0.003212737916423379,0.004123120655702576
0.3406813627254506,1.433423111330921,0.18847480758408583,0.9137738673873586,-0.11772494659705304,0.020968857720899306,0.003012319635188187,0.003943643595837331
0.34869739478957884,1.457771103322261,0.19320577452873577,0.9099350018108214,-0.12344640649256249,0.024105307889610555,0.0028297356895163944,0.0037540275316629325
0.3567134268537071,1.4829211031474274,0.19774693664566687,0.9061618527090924,-0.12926198812823067,0.027266935367845326,0.0026599837832112197,0.003556213463494452
0.36472945891783537,1.5088291260092463,0.20215150014087385,0.9023306103516574,-0.1351088314862077,0.030440042244121956,0.0024936517012485388,0.0033536056301216393
0.37274549098196363,1.5354428382810104,0.20647659033780932,0.8983122529784351,-0.14091995734320079,0.03361381272043025,0.0023171319441740584,0.0031510456614830644
0.3807615230460919,1.5627027583055015,0.21078016023553064,0.8939787891517107,-0.1466263735880608,0.03678027432021431,0.0021132948567096905,0.002954648111809664
0.38877755511022016,1.590543580201496,0.2151180000457404,0.8892091453168097,-0.15215908554334337,0.03993384825850259,0.0018625432045124841,0.002771522389929149
0.3967935871743484,1.6188954164982226,0.21954111658091052,0.8838942972362871,-0.1574509517243027,0.04307062061451564,0.0015441162031882886,0.0026094191105856665
0.4048096192384767,1.6476847821412297,0.22409368383726935,0.8779413503513079,-0.16243834953636818,0.04618749596928497,0.0011374856414672358,0.0024763430827465225
0.41282565130260496,1.6768352105090765,0.22881166890857327,0.8712764008667648,-0.16706262042813877,0.049281381935450716,0.0006236922237648773,0.002380171638022201
0.4208416833667332,1.7062674869662255,0.23372213000891176,0.8638461433241291,-0.17127126180771832,0.05234850994294033,-1.3500002989118633e-05,0.0023283084577026677
0.4288577154308615,1.7358995818631675,0.23884308908519614,0.8556183144032872,-0.17501883432001167,0.05538394351906577,-0.0007867100462843357,0.002327392402751971
0.43687374749498975,1.7656464339674764,0.2441838199141382,0.8465811604611331,-0.17826756405925082,0.05838127699157795,-0.0017043403859726349,0.00238307033881868
0.444889779559118,1.7954197554838516,0.2497453734234648,0.8367421778310512,-0.1809876407281806,0.06133249566405509,-0.0027702649220763807,0.0024998338908182255
0.4529058116232463,1.8251279972016792,0.2555211823143496,0.8261263978109012,-0.18315724104841727,0.06422795624636257,-0.00398376926479512,0.0026809130725058447
0.46092184368737454,1.854676545491505,0.2614976330872137,0.814774476029804,-0.18476233547911758,0.06705645059326915,-0.0053396921399503135,0.002928215113194552
0.4689378757515028,1.8839681576421627,0.2676545459628242,0.8027408054952618,-0.18579635814422374,0.0698053296824311,-0.0068287124118560786,0.0032422947336672543
0.4769539078156311,1.912903615824806,0.27396554399324385,0.7900918137312174,-0.1862598285990372,0.07246068022212344,-0.008437731036380715,0.00362234261137239
0.48496993987975934,1.941382612154037,0.2803983114238835,0.7769045392280923,-0.18616000680135447,0.07500755674403381,-0.010150307398994118,0.0040661814350411675
0.4929859719438876,1.9693049555298439,0.28691473851129556,0.7632655241733766,-0.185510641163915,0.0774302742843064,-0.011947121055012703,0.004570262916692215
0.5010020040080159,1.9965722723374955,0.29347093619546033,0.7492700194061935,-0.18433183993253938,0.07971276169597362,-0.013806439900214039,0.0051296632829972
0.5090180360721441,2.0230904018529996,0.300017095768737,0.7350214762427197,-0.182650066462147,0.08183896757246485,-0.015704583148529214,0.00573807822208957
0.5170340681362724,2.048772620399515,0.3064971815924316,0.7206312905908487,-0.18049823590557196,0.08379330516704141,-0.017616373109541093,0.006387820861612794
0.5250501002004007,2.0735436564287304,0.3128484872704052,0.7062187524453433,-0.17791587642747145,0.08556112321453589,-0.019515575749069217,0.007069828823637081
0.5330661322645289,2.0973442105072864,0.31900115469757495,0.6919111229599588,-0.17494930844521864,0.0871291956074096,-0.021375338064149277,0.00777368994554608
0.5410821643286572,2.120135425580098,0.3248778373492126,0.6778437040086288,-0.1716517822659572,0.08848622918295504,-0.02316864018121716,0.008487701732264655
0.5490981963927855,2.141902531006637,0.33039376302869594,0.6641596852593225,-0.1680834890016222,0.08962338773016655,-0.02486878917926255,0.009198986695974827
0.5571142284569137,2.1626567781661854,0.33545749385366647,0.6510094650891334,-0.16431131769253512,0.0905348157395502,-0.026449985785224762,0.00989369255519544
0.565130260521042,2.1824348634203217,0.33997267199504877,0.6385490648457637,-0.16040817878373115,0.0912181172424219,-0.02788799017358297,0.010557309570157153
0.5731462925851702,2.2012953433323976,0.3438409643979014,0.6269372201491686,-0.1564516691794168,0.0916747108050205,-0.029160896519843292,0.011175133194822395
0.5811623246492985,2.219312069191278,0.3469662740614127,0.6163307819002446,-0.1525218489736723,0.09190995518653096,-0.030249997571376554,0.011732885151309236
0.5891783567134268,2.2365652681539814,0.34926007998766256,0.6068782507077077,-0.148697974556259,0.0919329380885351,-0.03114068354902908,0.012217478084849015
0.597194388777555,2.253131323465463,0.3506475348711487,0.5987116478025912,-0.14505422168770055,0.0917558581339321,-0.03182328190862378,0.012617869903730436
0.6052104208416833,2.269072279138811,0.3510737471262224,0.5919374784662387,-0.1416547416174548,0.09139301582362844,-0.03229371823961966,0.012925911262446582
0.6132264529058116,2.284425490920308,0.35050957721158654,0.5866281455780856,-0.13854877381363437,0.09085955514632736,-0.03255387779802096,0.01313705704219958
0.6212424849699398,2.299192873166697,0.34895634620854865,0.5828155834202692,-0.13576686819377234,0.09017023129978462,-0.03261158017289976,0.013250806267900383
0.6292585170340681,2.3133284642454703,0.34644907189013846,0.5804888351463705,-0.1333193707015851,0.08933856253029482,-0.03248014064483511,0.013270765371998049
0.6372745490981964,2.326723434048081,0.34305807695829704,0.5795966381910196,-0.1311980346818878,0.08837668613403156,-0.03217755822504504,0.013204293729054186
0.6452905811623246,2.339189903291103,0.33888882973528517,0.5800549137838399,-0.1293808909944578,0.0872960388793949,-0.03172541163006724,0.013061768351177868
0.6533066132264529,2.3504488717415213,0.3340795327494025,0.5817577586242563,-0.1278395031241417,0.08610865344701946,-0.031147542984493265,0.012855569800754859
0.6613226452905812,2.3601314455853117,0.3287954393436662,0.5845896121217292,-0.12654681863541847,0.08482853377752227,-0.030468579827995803,0.012598925928456194
0.669338677354709,2.3678032577850523,0.3232187089213296,0.5884361114035419,-0.1254834529195799,0.08347242657632839,-0.029712332848439073,0.012304754606885173
0.6773547094188372,2.373016515296816,0.3175334175167419,0.5931918586122091,-0.12464069699131793,0.08205946810830601,-0.028900145218290058,0.011984632905762519
0.6853707414829655,2.375382460229053,0.3119071682946052,0.5987647156030208,-0.12401973659141946,0.08060960186682081,-0.02804934286551075,0.01164799476642998
0.6933867735470938,2.374643950198533,0.30647275115439837,0.6050778481586612,-0.12362798589747646,0.07914110092985194,-0.027171976227286156,0.011301619712053611
0.701402805611222,2.3707212451220263,0.301314211008507,0.612071882921316,-0.12347438026131832,0.07766774471053826,-0.026273998842956652,0.01094942436133537
0.7094188376753503,2.3637098884187524,0.2964607927357356,0.619709483844027,-0.12356549634205496,0.0761961468226491,-0.025354921232416856,0.010592526365170616
0.7174348697394786,2.3538268973595584,0.2918899785563468,0.6279830386197105,-0.12390356492912968,0.07472358824301019,-0.02440790196739297,0.010229541102171284
0.7254509018036068,2.3413222545970647,0.28753842686988723,0.6369234357081072,-0.12448632676839572,0.07323668291562586,-0.023420264301590898,0.009857097634672289
0.7334669338677351,2.3263866196392833,0.2833181016063043,0.6466054180738182,-0.12530781906529642,0.07171130567353486,-0.022374535055707242,0.009470593920968525
0.7414829659318634,2.3090870925326263,0.27913450908672466,0.6571442142250626,-0.12635887599552925,0.0701142625350055,-0.02125018798081158,0.009065211497906428
0.7494989979959916,2.2893516627830963,0.2749043019537215,0.6686798439429502,-0.127626383500703,0.06840698832091938,-0.020026226087091276,0.008637150555185071
0.7575150300601199,2.2670058447691765,0.2705699561155071,0.6813492214420808,-0.12909097822544663,0.0665510942190883,-0.018684519127423076,0.00818493279210815
0.7655310621242482,2.241849454201601,0.26610947815136105,0.6952503919817953,-0.13072369810383572,0.06451504634320786,-0.017213494649249147,0.007710493529655417
0.7735470941883764,2.213752064888102,0.2615393509345334,0.7104062581837588,-0.13248281395982495,0.06228087271838937,-0.015611503899744947,0.0072197130788988605
0.7815631262525047,2.1827413639270694,0.2569096504958788,0.7267364519912115,-0.1343123799174929,0.05984960130121486,-0.01388905620188706,0.006722083952714258
0.789579158316633,2.1490573004432725,0.25229172263444605,0.7440458369573498,-0.13614364834122006,0.057244023606512026,-0.01206918534582729,0.006229410465288128
0.7975951903807612,2.113151034608518,0.24776060269791422,0.7620355085370735,-0.13789938054929474,0.0545075649975403,-0.010185548976566717,0.005753766805861907
0.8056112224448895,2.0756248190914315,0.24337560637952382,0.7803363363430819,-0.13949969994014938,0.05169883253227477,-0.008278463464154581,0.005305266024939276
0.8136272545090177,2.0371281841140614,0.23916253285259523,0.7985587299342867,-0.1408672529514187,0.04888252253305522,-0.00638967826820805,0.004890319369933178
0.821643286573146,1.9982380409521976,0.2350997960994171,0.8163479474496825,-0.14192962055737046,0.04611843824268766,-0.0045570451660386,0.004510895134121384
0.8296593186372743,1.9593570177117277,0.23110926010893898,0.833430768554199,-0.14261806651613254,0.04345153727357095,-0.002810397675908939,0.004164875733394553
0.8376753507014025,1.9206598432209288,0.22705131413908716,0.8496390372925797,-0.14286314624311117,0.04090645689512068,-0.001169809514170622,0.003847137876895321
0.8456913827655308,1.8820972615865665,0.22272301693029858,0.864902471973851,-0.14258865467667123,0.03848871871097453,0.00035327947178109874,0.003550711925243072
0.8537074148296591,1.8434392543336529,0.21785790398794225,0.8792164760924742,-0.1417055341303219,0.036191831873498136,0.0017527041229005807,0.0032674995142993094
0.8617234468937873,1.8043282838648307,0.21212649080319326,0.8926001727628456,-0.14010708552567547,0.03400712233441946,0.003023412361164223,0.0029884250226311616
0.8697394789579156,1.7643250636438241,0.20513819641941863,0.9050595537136714,-0.1376669231950883,0.0319329143577356,0.004157955958077424,0.0027032657759248446
0.8777555110220439,1.722940326287188,0.19644879223548867,0.9165692958391908,-0.13424203404655113,0.029980050608476153,0.005144982110352648,0.0024006572074391696
0.8857715430861721,1.6796625616561331,0.1855821761039377,0.9270813630352759,-0.12968473642567105,0.02817210661177002,0.0059706111482819525,0.002068827252443844
0.8937875751503004,1.6340367261871158,0.17207952555279424,0.9365435773584858,-0.12386817783883718,0.026543559825744308,0.006621783260672404,0.0016971742113696638
0.9018036072144286,1.5858701456024087,0.15558869622828073,0.9448867814989211,-0.1167283356609515,0.025142932467894674,0.0070891871739697096,0.0012780804473942295
0.9098196392785569,1.535423601505112,0.1359955102269352,0.952043771562256,-0.10831834942881856,0.02402643491268663,0.007373529966708169,0.0008096972601866964
0.9178356713426852,1.4834633978207974,0.11357109642217715,0.9580433986474397,-0.09885818403599524,0.023232301885043147,0.0074947714577777705,0.0002998005734951122
0.9258517034068134,1.4312841033699366,0.08907186808424421,0.9630505983820311,-0.0887510956864681,0.022759715883425166,0.007493036335128099,-0.00023274358003444386
0.9338677354709417,1.380572737294467,0.06370911698129285,0.9673502819411832,-0.07854063225974577,0.022555853906075944,0.007420489246431468,-0.0007602296689784958
0.94188376753507,1.3330845392076576,0.03894287490024936,0.971279419280355,-0.06880767399815843,0.022518993559793067,0.007327738089222667,-0.001251922015519406
0.9498997995991982,1.2902302519526558,0.016152779960866566,0.9751421392923462,-0.060044580901697585,0.022519910180650103,0.007252357836447488,-0.001681027661681128
0.9579158316633265,1.2528265227778324,-0.003670868506812792,0.9791016583563905,-0.05256226868668475,0.022440901766917015,0.007213878904658823,-0.0020303656345885693
0.9659318637274548,1.2209779427341583,-0.02007896464507927,0.9831942538503454,-0.04646526630687175,0.022197602538213564,0.007218763040634636,-0.002293176176481915
0.973947895791583,1.1941128673260923,-0.033123506353632065,0.987452393322666,-0.041688656624992264,0.021735801726479306,0.007268213022810746,-0.0024700694718139543
0.9819639278557113,1.1715174142100007,-0.04319398035742721,0.9917229857645692,-0.03806389756194584,0.021060578165072345,0.0073573759738305745,-0.002568975280559914
0.9899799599198396,1.1524057678857798,-0.050830180552565836,0.9958316156979985,-0.035381633581822454,0.02020384456685801,0.0074809079299050976,-0.002600654668802999
0.9979959919839678,1.1360557910687794,-0.05657933379469523,0.9996253788574657,-0.03343485850468032,0.019208572024472313,0.007633563947358353,-0.0025765348920912794
1.006012024048096,1.121871465463683,-0.060915546109889224,1.0029944187889277,-0.03204101616990028,0.018118032029932674,0.007810116086758782,-0.0025075108272756665
1.0140280561122244,1.1093940929050965,-0.06420977546400077,1.0058777467056454,-0.03104908383721145,0.016970183178828077,0.008005265329837188,-0.0024034236770113983
1.0220440881763526,1.0982869127054615,-0.06673070196429258,1.008259298059783,-0.03033846612025364,0.015795743271273862,0.008213708109421455,-0.002272918475605138
1.0300601202404809,1.0883101450438268,-0.06866024640908426,1.0101590297471785,-0.02981465367556253,0.01461828916531797,0.0084303144053091,-0.002123466903017816
1.0380761523046091,1.0792958397758785,-0.0701135397944231,1.011622096804741,-0.029404407786502326,0.013455218009578183,0.008650341590923259,-0.0019614371844507168
1.0460921843687374,1.071126577099274,-0.07115807701325755,1.0127079271326944,-0.02905164497719222,0.012318916829236368,0.008869626803262202,-0.0017921632480746297
1.0541082164328657,1.0637187578897591,-0.07182985416020697,1.01348063024583,-0.028714281989536947,0.01121780444674021,0.009084729082867705,-0.0016200009539658398
1.062124248496994,1.057010433826928,-0.07214590481258401,1.0140012227757678,-0.028361878299523295,0.010157191113400748,0.009293004433529645,-0.0014483848599414599
1.0701402805611222,1.0509527837719994,-0.07211340257425666,1.0143221527981172,-0.02797379773968789,0.009139949676976922,0.009492615038372584,-0.0012798964661733525
1.07815631262525,1.0455044163672755,-0.07173580587655429,1.0144841701992666,-0.0275376459892297,0.008167041247593543,0.009682481689529857,-0.0011163513324886978
1.0861723446893783,1.0406281401084458,-0.0710166232899316,1.0145149514655434,-0.02704783323046846,0.007237985719645356,0.00986218943847676,-0.0009589116752136064
1.0941883767535066,1.0362890479108813,-0.06996138508217421,1.0144295737384441,-0.02650420368077981,0.0063512362197911,0.010031871192304172,-0.0008082090397226324
1.1022044088176348,1.0324534689928915,-0.06857836344765245,1.0142322827949866,-0.025910737199366426,0.005504477556772848,0.01019208463236764,-0.0006644673119359823
1.110220440881763,1.0290884851259507,-0.06687850638518099,1.0139189598517928,-0.025274360089324995,0.0046948642198614225,0.010343694084004469,-0.0005276171271781376
1.1182364729458913,1.0261620055254324,-0.06487495442761765,1.0134795652897062,-0.024603906443156024,0.003919235497160444,0.010487762407221303,-0.00039739915102587366
1.1262525050100196,1.0236430249189732,-0.06258240886457941,1.0129004006578428,-0.023909258266957525,0.0031742869296756903,0.010625460130817234,-0.0002734485958074994
1.1342685370741479,1.0215017982611712,-0.060016527096246323,1.0121661268957884,-0.023200672620611925,0.002456683888297041,0.010757994806394803,-0.00015535673989491738
1.1422845691382761,1.019709827953337,-0.05719344139661319,1.011261488023809,-0.02248828527718611,0.0017631190044143528,0.010886559596358817,-4.2709664298445334e-05
1.1503006012024044,1.0182403724950577,-0.05412943724286395,1.0101720069701072,-0.02178176623283493,0.001090416264999639,0.011012289926886614,6.487756058883696e-05
1.1583166332665327,1.0170685952406544,-0.05084078529125062,1.0088845848963166,-0.021090095370996806,0.0004355769800427694,0.011136235694100991,0.00016774482376554858
1.166332665330661,1.0161711990643247,-0.0473436948516503,1.007388267595444,-0.020421424953415278,-0.0002042463925178869,0.011259346695956293,0.00026618947451152795
1.1743486973947892,1.0155270984318443,-0.043654345747065254,1.0056737551420627,-0.019782997435582848,-0.0008316463759481386,0.011382451499643086,0.0003604512760172018
1.1823647294589175,1.015116699985261,-0.03978894872236381,1.0037341874742802,-0.01918109493844577,-0.0014490352232544607,0.01150625377764898,0.00045072888732355134
1.1903807615230457,1.014922282883509,-0.03576379165228552,1.0015648255195204,-0.018621000936426785,-0.0020585795876965317,0.011631317866145126,0.0005371733894834355
1.198396793587174,1.0149278749809238,-0.0315952350987578,0.9991632901958337,-0.01810696374307218,-0.0026621996688090963,0.011758059902734506,0.0006198918673724544
1.2064128256513023,1.015118819406032,-0.027299632114700767,0.99653020260817,-0.017642157385679022,-0.0032616076105000014,0.011886741873909501,0.0006989571533313792
1.2144288577154305,1.0154825880009677,-0.022893163200219523,0.9936686945698998,-0.017228639343586594,-0.003858190086534513,0.012017454875473236,0.0007743890193878634
1.2224448897795588,1.0160080361666533,-0.018391586939090886,0.9905855418261987,-0.01686731171884284,-0.004453087478223811,0.01215011880723789,0.0008461694614939088
1.230460921843687,1.0166859231094496,-0.013809924102352086,0.9872910905725227,-0.016557892025273014,-0.005047115731679322,0.012284473792095355,0.0009142302117690363
1.2384769539078153,1.0175087500155369,-0.009162101120491897,0.9837998360882407,-0.016298904155025985,-0.005640774108581101,0.01242008254255968,0.0009784564311475367
1.2464929859719436,1.0184708705248844,-0.004460589630076924,0.9801306450970307,-0.016087698921913612,-0.006234219815048934,0.012556336306035636,0.0010386861481067665
1.2545090180360718,1.0195678789717393,0.0002839168478612819,0.9763075125696713,-0.015920513487261125,-0.0068273302537474635,0.012692473484186758,0.0010947285349730068
1.2625250501002,1.0207961264603271,0.0050627509712542805,0.9723599601303006,-0.01579257751796462,-0.007419749002649449,0.012827604281638103,0.0011463826079507607
1.2705410821643284,1.0221564274549606,0.009869417128812643,0.9683191637357457,-0.015698268727135055,-0.00801043694159837,0.012960709514169257,0.001193363058633756
1.2785571142284566,1.0236580975801812,0.01469957611586377,0.9642135404159187,-0.01563130782448616,-0.008597200729769883,0.01309064055560075,0.0012352178264552374
1.286573146292585,1.0252957158357197,0.019550907070032545,0.96008986511275,-0.015585017766351371,-0.009179422591544799,0.013216336143222896,0.001271873564147087
1.2945891783567132,1.0270687194744346,0.024422810718902746,0.955993393760533,-0.01555258990034085,-0.009755741488614881,0.013336705964896318,0.0013032051598788385
1.3026052104208414,1.0289798316288157,0.02931600280509671,0.9519680347540587,-0.015527372860866777,-0.01032425933295531,0.013450678625356453,0.0013290826846789584
1.3106212424849697,1.0310319764053417,0.03423201205173219,0.9480578011599435,-0.01550315532772013,-0.010882921992279887,0.013557255779549618,0.0013494515959989344
1.318637274549098,1.0332278897294953,0.03917263648322131,0.9443057118393756,-0.015474421865043725,-0.011429592797626151,0.013655540137378243,0.0013643476826600684
1.3266533066132262,1.035569811556163,0.044139405921271274,0.9407527255469432,-0.015436564547452233,-0.011962126415196075,0.01374475703178429,0.0013739050475247844
1.3346693386773545,1.0380592180326063,0.04913309288141845,0.9374368399575703,-0.015386036047082573,-0.012478448091142241,0.0138242702996768,0.0013783577281542714
1.3426853707414828,1.040696608644378,0.05415330622388566,0.934392409518529,-0.015320435819837164,-0.012976635979001769,0.013893593764398611,0.001378034737077738
1.350701402805611,1.0434813607285804,0.0591981890263203,0.931649709711499,-0.015238527638046579,-0.013455004076203616,0.013952400227374933,0.0013733488652145802
1.3587174348697393,1.046411659293475,0.06426422781036584,0.9292347500547631,-0.015140193140131855,-0.01391218339008041,0.014000530135693065,0.001364780081024378
1.3667334669338675,1.0494845054185407,0.06934616679986727,0.9271693169778973,-0.01502633151484428,-0.014347199128774473,0.014038001967886592,0.001352854702377246
1.3747494989979958,1.0526958020980492,0.07443701013709757,0.9254712132490017,-0.014898719429424334,-0.014759541859768152,0.014065025915752566,0.001338121710288653
1.382765531062124,1.056040512501693,0.07952808798183435,0.9241546540139695,-0.014759847729488958,-0.015149230574877754,0.014082021709868648,0.0013211276413955752
1.3907815631262523,1.0595128823268583,0.08460915940033378,0.9232307802442794,-0.014612752490231829,-0.015516865330712858,0.014089640511128222,0.0013023914887953264
1.3987975951903806,1.0631067151334967,0.08966852551724072,0.9227082568324982,-0.014460858079202492,-0.015863666508087654,0.014088789723389297,0.0012823810145828607
1.4068136272545089,1.0668156871504764,0.09469312982179895,0.9225939323938583,-0.014307849395919014,-0.016191496706070015,0.014080658418630794,0.0012614918804180985
1.4148296593186371,1.0706336859016747,0.09966862801457466,0.9228935483706013,-0.014157589631607327,-0.01650285991265497,0.014066739854904996,0.0012400310594747773
1.4228456913827654,1.0745551550614776,0.10457941675418463,0.9236124935564144,-0.014014098712233905,-0.016800871082857802,0.014048846389227336,0.0012182060945803391
1.4308617234468937,1.078575426234909,0.1094086188116511,0.9247566040447968,-0.013881605640194604,-0.01708918798294859,0.014029111089616908,0.0011961218660717342
1.438877755511022,1.0826910169632051,0.11413803141408878,0.9263330054876475,-0.013764684482525923,-0.01737189668263395,0.014009969755803956,0.001173786544204607
1.4468937875751502,1.0868998733344475,0.11874805501103504,0.9283509825999776,-0.013668477802525779,-0.017653343075187695,0.013994117156956438,0.0011511282132061432
1.4549098196392785,1.09120153532216,0.12321763121449823,0.9308228392737792,-0.013599001984319046,-0.017937905967782844,0.013984432403240163,0.0011280231480666778
1.4629258517034067,1.0955972036072803,0.12752423064163596,0.9337646824264495,-0.013563515665377833,-0.018229713131816417,0.013983870756357264,0.0011043358023088662
1.470941883767535,1.1000896884505227,0.13164394238804328,0.9371970273013168,-0.013570915731325257,-0.01853231037241743,0.013995322983998255,0.0010799691807846705
1.4789579158316633,1.1046832246078477,0.13555172435970353,0.9411450880172068,-0.013632106659042948,-0.018848304698756785,0.01402144846864861,0.0010549224703827159
1.4869739478957915,1.1093831420047349,0.1392218740642926,0.9456385946868574,-0.013760271569801832,-0.019179014797846915,0.014064494261790395,0.0010293507482566993
1.4949899799599193,1.1141953908754645,0.14262876833370705,0.9507109799097742,-0.013970961873852543,-0.019524173106418075,0.014126118317313576,0.0010036195910515945
1.5030060120240476,1.1191259334189994,0.1457478936350983,0.9563978159529795,-0.01428192268180341,-0.01988173091655829,0.014207240050789388,0.0009783459282148201
1.5110220440881759,1.1241800324070312,0.14855714376750603,0.9627344693838394,-0.014712589110583768,-0.020247817791509356,0.014307943700982624,0.0009544160878209291
1.5190380761523041,1.1293614899891358,0.15103830053620274,0.9697530737557678,-0.015283228238907393,-0.02061689611972846,0.014427458304550249,0.0009329732399490798
1.5270541082164324,1.1346719142402855,0.15317854346911824,0.9774790901187255,-0.016013762262600574,-0.020982129503762048,0.014564231570066694,0.0009153696982486888
1.5350701402805607,1.1401101109493517,0.1549717721988493,0.9859278979798046,-0.016922382735897707,-0.02133595143891783,0.014716103817739523,0.0009030846558723478
1.543086172344689,1.1456717056158454,0.15641949086922596,0.9951019873064914,-0.01802413790242137,-0.021670783735152657,0.014880574167530941,0.0008976140881836739
1.5511022044088172,1.151349087421197,0.15753101913190712,1.00498935039618,-0.019329723370941198,-0.021979820938158205,0.015055137249849347,0.00090034530794643
1.5591182364729455,1.1571317283642284,0.15832287207649054,1.0155635587336453,-0.020844709294911532,-0.022257777132593155,0.015237658072193872,0.0009124323410679317
1.5671342685370737,1.1630068689433701,0.15881728857318417,1.0267857457140153,-0.02256938182160514,-0.022501492070457103,0.015426747447606179,0.0009346886554228505
1.575150300601202,1.1689604870122998,0.15904006106894927,1.038608339009314,-0.02449926571119935,-0.0227103161444256,0.01562210069104198,0.0009675105965312617
1.5831663326653302,1.1749783950987849,0.15901799157629512,1.0509799761718366,-0.02662624956345974,-0.02288623302902718,0.015824766117302307,0.0010108391784669874
1.5911823647294585,1.1810472611594258,0.15877642601134112,1.0638506935664316,-0.028940089218554333,-0.023033723991001277,0.016037314068400838,0.0010641615674187436
1.5991983967935868,1.187155331972945,0.1583373685876442,1.0771762909851281,-0.03142995580678896,-0.0231594162422587,0.016263879057220754,0.0011265487182939367
1.607214428857715,1.1932926636245371,0.15771863302093816,1.0909207964981265,-0.03408565160213651,-0.023271579453968384,0.01651004651605466,0.0011967234575361704
1.6152304609218433,1.199450729750372,0.156934348025921,1.1050562008876452,-0.036898153344499085,-0.023379536309721418,0.016782554050786044,0.001273153789339265
1.6232464929859716,1.2056213812810406,0.15599691227156096,1.1195590789253616,-0.03985925811407317,-0.023493038794622532,0.01708878059396729,0.0013541679353332391
1.6312625250500998,1.2117952640932208,0.15492020723278743,1.134404325036764,-0.04296028902713822,-0.023621641320139268,0.017436012873534638,0.0014380884153839754
1.639278557114228,1.2179599495415803,0.15372355610794144,1.149556936682392,-0.046190045069019435,-0.02377408608525228,0.017830513777359315,0.0015233803445712133
1.6472945891783564,1.2240981707921765,0.15243561872389044,1.1649634633869312,-0.04953241486390709,-0.023957714374953403,0.018276472888365605,0.0016088033984784846
1.6553106212424846,1.2301866429862378,0.15109722381248492,1.180545215843075,-0.05296426010845381,-0.024177933287913508,0.01877498662633151,0.0016935492390154872
1.663326653306613,1.2361959289020574,0.14976216461097266,1.1961953648978425,-0.056454234086526944,-0.02443779630929626,0.019323271363129318,0.0017773407964226872
1.6713426853707412,1.242091664111438,0.14849529068757872,1.2117814729800358,-0.0599630639570538,-0.024737786121140193,0.019914325040415185,0.0018604721961354813
1.6793587174348694,1.247837196757591,0.14736778810303885,1.2271538050512603,-0.06344547393982454,-0.025075903491778018,0.02053719298097805,0.00194378233820063
1.6873747494989977,1.2533974112347694,0.14645018833132564,1.242158267597289,-0.06685343243689522,-0.025448156407174842,0.02117785824718389,0.0020285806023090038
1.695390781563126,1.258743317156421,0.1458041309488431,1.2566515534643898,-0.0701399265830509,-0.025849512216002006,0.021820600433488057,0.0021165736779477353
1.7034068136272542,1.2638570035817465,0.14547400019969664,1.2705155435457236,-0.07326217682758726,-0.02627534286934005,0.022449512578869957,0.0022098691003865738
1.7114228456913825,1.2687368181008674,0.14547918447763658,1.2836684529949696,-0.07618319753339259,-0.026723388978690883,0.023049794730446337,0.0023111471805515008
1.7194388777555107,1.273403071645223,0.14580698631271954,1.2960714094347119,-0.07887084924740409,-0.02719631483186838,0.02360847760182661,0.0024240985596641063
1.727454909819639,1.2779050646213581,0.14640538739706083,1.3077306173775654,-0.08129387299651758,-0.027705022350287177,0.024114343130280862,0.0025542250020016916
1.7354709418837673,1.2823306198660012,0.14717422839344044,1.3186964725810892,-0.08341469891705335,-0.028273002480851486,0.024556941286344253,0.002710100717270639
1.7434869739478955,1.2868194105574091,0.14795315603366452,1.3290616036225202,-0.08517902890703746,-0.028942053700668532,0.024924699239912855,0.002905184323680532
1.7515030060120238,1.2915809261339903,0.14850521032495645,1.3389597181920425,-0.08650241424827765,-0.029779561289172668,0.025202157727501905,0.0031602303959293795
1.759519038076152,1.2969164829428326,0.14849662731238875,1.3485663002364914,-0.08725457922927295,-0.030886995146741345,0.025366371276978363,0.0035062159859629177
1.7675350701402803,1.3032415414028944,0.14747704845723816,1.3581005578057368,-0.08724356262312082,-0.032408027088464963,0.02538254290227467,0.003987374305750438
1.7755511022044086,1.3110988704650612,0.14487068717198215,1.3678253621892955,-0.08620444742915634,-0.03453234361693431,0.025199172262475703,0.00466329156646141
1.7835671342685369,1.3211446097364958,0.13999800588594657,1.3780382327975924,-0.08380182706210136,-0.03748788327089844,0.02474365138511854,0.005608013210136262
1.7915831663326651,1.3340807677091524,0.13215543794432508,1.3890428477535937,-0.07966011002384252,-0.04151135239859559,0.023920752864441685,0.0069029893440318455
1.7995991983967934,1.350508426154585,0.12077677319781269,1.401090969834765,-0.07343683099486263,-0.04678881124367221,0.022618983666775623,0.008620526219881948
1.8076152304609217,1.3707021798268435,0.10566702343755656,1.4142958766035278,-0.06494261832036381,-0.05337134044469575,0.02073189665704683,0.010797250616209524
1.81563126252505,1.3943679865795442,0.08723236707492013,1.4285438520707112,-0.05428024039496554,-0.061096380260979265,0.01819845410717461,0.013404486957012554
1.8236472945891782,1.4205159397654863,0.06656679535313564,1.4434564683732733,-0.041934951782831534,-0.06956634214010086,0.015052882807048813,0.01633139666052394
1.8316633266533064,1.4475796214412746,0.04527953124603062,1.4584503389698562,-0.02873830642087004,-0.07822121948313451,0.011455121924989662,0.019397495394272473
1.8396793587174347,1.4737893626912655,0.025092814863479706,1.4728859725003893,-0.015684556912231203,-0.0864842669254703,0.0076705475990326635,0.02239602473134509
1.847695390781563,1.497632319950597,0.007401961717135682,1.4862335774795545,-0.003675992474156054,-0.09390661358836505,0.003998311131408234,0.025147853137812155
1.8557114228456912,1.5181713717213463,-0.006990477304397999,1.4981761016936828,0.006676784539717994,-0.10024262355261584,0.0006871335596193443,0.027538681881578087
1.8637274549098195,1.5351138050942832,-0.017890700173952064,1.508615261588611,0.015120169911856074,-0.10544057694269265,-0.0021163043363526353,0.029525997649231327
1.8717434869739478,1.5486784277057266,-0.025554244777465256,1.517609246820647,0.021700065141431076,-0.10958198240247333,-0.004371019627713233,0.03112249551074152
1.879759519038076,1.559368227850087,-0.030476430403313503,1.5253082637335758,0.026647543384454273,-0.112816997308292,-0.006113334343094864,0.03237347928632624
1.8877755511022043,1.5677855620877643,-0.03322026984717005,1.531886587575342,0.030269132797403717,-0.11531090699685934,-0.00742025884193985,0.03333537692485628
1.8957915831663326,1.5745079232486525,-0.03431089962278055,1.5375050243868433,0.03287116290368644,-0.1172140818088716,-0.00838026769079475,0.034062451673835155
1.9038076152304604,1.580026662264444,-0.03418813284277558,1.542295248013616,0.03472041867570815,-0.11864963061283901,-0.009075899373378273,0.03460053995849332
1.9118236472945886,1.584729198815266,-0.033196628128728346,1.546357596353638,0.03603099343815815,-0.11971175112328954,-0.009576183666341363,0.03498541410687882
1.919839679358717,1.5889047091115613,-0.03159526477043369,1.5497654436888242,0.03696593799869401,-0.12046924710796315,-0.009935205677648176,0.035243575783549946
1.9278557114228452,1.5927584406637543,-0.029573608908744223,1.5525726368377621,0.03764536564143887,-0.12097104094351915,-0.010193720873457346,0.035394131201698376
1.9358717434869734,1.5964248886937247,-0.027268965909409578,1.5548235828514552,0.03815614680064423,-0.12125249430951768,-0.010381896338170032,0.03545120335727605
1.9438877755511017,1.5999717587500721,-0.024781194798655995,1.5565693749024054,0.03856084830378342,-0.12134316518270173,-0.010522238555649998,0.03542712724177661
1.95190380761523,1.6033889375308554,-0.022184477733662396,1.5578941068473169,0.0389050591391082,-0.12127720845492167,-0.010632353529849033,0.03533692885752279
1.9599198396793582,1.6065668448261097,-0.01953618877973113,1.5589470616978305,0.039222991676453725,-0.12110514172240862,-0.010727337978239946,0.035203447988108025
1.9679358717434865,1.6092919716969947,-0.016883399704575426,1.5599544719667577,0.03954160708500559,-0.12089880132861094,-0.010821338870302614,0.03505936459346948
1.9759519038076148,1.6113532121214298,-0.014267737896677112,1.5611215260247133,0.039883775955985794,-0.12072133164302,-0.010926677143061659,0.03493346500651237
1.983967935871743,1.6122463346460063,-0.011728866704213178,1.5629233320233054,0.04027045306507146,-0.12071915488070671,-0.011060401773997414,0.03489225739413515
1.9919839679358713,1.611988097199447,-0.009307686797312014,1.5653185962943899,0.04072292688282676,-0.12087417111102901,-0.011229427239030663,0.03492808508027546
2.0,1.6108445958265722,-0.007049708242108802,1.5680139936832305,0.041265670723970214,-0.12108622789706633,-0.011436802840865786,0.03499653992771487
