-0.9975,1.0013270782925452,0.448396815690099,-0.14113720073514255,-0.17739208949474053
-0.9925,1.0013725859389015,0.4483512106383781,-0.14114133533246867,-0.1773820297098953
-0.9875,1.0014436323370426,0.4482802329473075,-0.14114648365868634,-0.1773652347711678
-0.9825,1.0015307687783395,0.4481934535450524,-0.14115122534331015,-0.17734338684366946
-0.9775,1.0016296473809676,0.44809527615449535,-0.14115494443873322,-0.17731734634546967
-0.9725,1.0017384017952722,0.447987593026733,-0.14115739881149927,-0.17728755258116266
-0.9675,1.0018563810533467,0.44787106857823145,-0.14115851411750632,-0.17725422057488077
-0.9625,1.0019835376873774,0.4477457595539066,-0.14115828601401198,-0.1772174387942693
-0.9575,1.0021201322889315,0.44761141432097445,-0.14115673440793303,-0.17717721848732645
-0.9525,1.0022665911457058,0.4474676169766679,-0.1411538826063742,-0.17713351923922724
-0.9475,1.0024234379465196,0.44731385639892807,-0.14114974828373808,-0.17708626271288058
-0.9425,1.0025912613419354,0.4471495589907049,-0.1411443399678996,-0.17703534041134242
-0.9375,1.002770699880077,0.44697410385522707,-0.14113765602586106,-0.17698061832906195
-0.9325,1.0029624353806967,0.4467868294607431,-0.14112968471053372,-0.17692193991509927
-0.9275,1.0031671904257011,0.4465870361731256,-0.14112040459191055,-0.17685912806747395
-0.9225,1.0033857278757814,0.4463739867722385,-0.14110978506198166,-0.17679198653254538
-0.9175,1.003618851401501,0.44614690597455003,-0.14109778677825796,-0.1767203009122379
-0.9125,1.0038674065385282,0.4459049794562172,-0.1410843619946047,-0.17664383939562767
-0.9075,1.0041322820286398,0.4456473526157774,-0.14106945476787303,-0.17656235328659423
-0.9025,1.0044144113298799,0.4453731291924609,-0.14105300104738322,-0.1764755773748947
-0.8975,1.004714774238135,0.4450813697967816,-0.14103492866253978,-0.1763832301839581
-0.8925,1.005034398590907,0.44477109038150514,-0.14101515722690178,-0.17628501411996908
-0.8875,1.0053743620379472,0.44444126066742995,-0.14099359797731534,-0.17618061554099246
-0.8825000000000001,1.0057357938702383,0.4440908025319719,-0.1409701535654213,-0.17606970476081285
-0.8775,1.0061198769022366,0.44371858836562206,-0.14094471781659465,-0.1759519359992194
-0.8725,1.0065278494040766,0.4433234394001871,-0.14091717546853963,-0.17582694728834322
-0.8674999999999999,1.0069610070814432,0.4429041240124714,-0.14088740189865429,-0.1756943603431588
-0.8625,1.0074207051014445,0.44245935600735514,-0.14085526284614466,-0.17555378040324973
-0.8575,1.007908360163274,0.4419877928848813,-0.1408206141319573,-0.17540479605229653
-0.8525,1.0084254526128562,0.44148803409696463,-0.14078330137708658,-0.17524697902135705
-0.8475,1.008973528601103,0.4409586193006603,-0.14074315971785736,-0.1750798839817754
-0.8425,1.0095542022859065,0.4403980266166539,-0.14070001351545167,-0.1749030483333812
-0.8375,1.0101691580786525,0.4398046709037698,-0.140653676056265,-0.17471599199345142
-0.8325,1.0108201529368381,0.4391769020629177,-0.1406039492395912,-0.17451821719163663
-0.8275,1.0115090187053575,0.43851300338697907,-0.14055062324954778,-0.17430920827567525
-0.8225,1.0122376645100926,0.4378111899766676,-0.14049347620893496,-0.17408843153222542
-0.8175,1.0130080792084746,0.437069607246225,-0.14043227381371112,-0.17385533502655465
-0.8125,1.0138223339024148,0.43628632954670377,-0.14036676894779923,-0.17360934846420462
-0.8075,1.0146825845190248,0.4354593589381921,-0.1402967012788551,-0.17334988307718838
-0.8025,1.0155910744633398,0.43458662414512184,-0.1402217968362759,-0.17307633153690524
-0.7975,1.0165501373441455,0.43366597973018983,-0.14014176757298108,-0.1727880678959447
-0.7925,1.0175621997682893,0.4326952055217166,-0.14005631091226067,-0.1724844475614725
-0.7875,1.0186297841898135,0.4316720063258539,-0.13996510928019643,-0.17216480730415287
-0.7825,1.0197555117873602,0.4305940119484894,-0.13986782962282696,-0.17182846530871967
-0.7775,1.020942105326404,0.42945877754187134,-0.13976412290539755,-0.1714747212754839
-0.7725,1.0221923919422564,0.4282637842783485,-0.1396536235888785,-0.17110285658628335
-0.7675,1.0235093057565063,0.42700644033926893,-0.13953594907667322,-0.1707121345535
-0.7625,1.0248958902153193,0.4256840821928951,-0.13941069912241663,-0.17030180077653995
-0.7575000000000001,1.026355300015309,0.4242939761237059,-0.13927745518837145,-0.1698710836360991
-0.7525,1.027890802464458,0.42283331996973145,-0.13913577974361194,-0.16941919496204044
-0.7475,1.0295057781149473,0.4212992450277643,-0.13898521549232615,-0.168945330915058
-0.7424999999999999,1.03120372050448,0.4196888181011651,-0.13882528452548415,-0.1684486731247845
-0.7375,1.032988234854582,0.41799904369325763,-0.13865548739390712,-0.1679283901270119
-0.7324999999999999,1.0348630355986554,0.41622686639114,-0.13847530210730585,-0.16738363913985735
-0.7275,1.036831942647576,0.4143691735382158,-0.1382841830716998,-0.16681356821300053
-0.7224999999999999,1.0388988763425382,0.4124227983548333,-0.1380815599860813,-0.16621731877594156
-0.7175,1.0410678510880087,0.41038452372913403,-0.13786683672732733,-0.1655940286013764
-0.7125,1.0433429676951465,0.4082510869573305,-0.1376393902591827,-0.16494283518943534
-0.7075,1.045728404490796,0.40601918575668283,-0.1373985696056931,-0.16426287956899063
-0.7025,1.0482284072530748,0.4036854858989137,-0.13714369493107473,-0.16355331050484526
-0.6975,1.0508472780177773,0.4012466308123493,-0.13687405676636588,-0.16281328909538775
-0.6925,1.053589362759624,0.39869925347643315,-0.13658891541854584,-0.16204199374482942
-0.6875,1.0564590378917331,0.3960399908846262,-0.1362875005908397,-0.1612386254973499
-0.6825,1.0594606954520078,0.39326550128659093,-0.13596901123484678,-0.1604024137266952
-0.6775,1.0625987267655108,0.3903724843458266,-0.1356326156473538,-0.15953262218269124
-0.6725,1.0658775042978066,0.3873577042735062,-0.1352774518187024,-0.15862855540411383
-0.6675,1.0693013613558988,0.38421801593153515,-0.1349026280366498,-0.15768956551360266
-0.6625,1.0728745692592716,0.3809503938440381,-0.13450722375061747,-0.15671505941319921
-0.6575,1.0766013115991584,0.37755196401962043,-0.1340902907063605,-0.1557045063974053
-0.6525000000000001,1.0804856552314772,0.37402003846608867,-0.13365085437008345,-0.15465744619374333
-0.6475,1.0845315177064252,0.37035215227057056,-0.13318791567301738,-0.15357349742862342
-0.6425000000000001,1.0887426309212105,0.3665461031141368,-0.13270045312122666,-0.15245236649941565
-0.6375,1.0931225008859506,0.36259999308268304,-0.1321874253294955,-0.15129385681294996
-0.6325000000000001,1.097674363610101,0.3585122726166712,-0.13164777405116226,-0.15009787832742633
-0.6275,1.102401137242391,0.3542817864044165,-0.1310804277864975,-0.14886445731016848
-0.6225,1.1073053707272142,0.3499078209625347,-0.13048430605973663,-0.14759374619895127
-0.6174999999999999,1.1123891893725966,0.34539015356145375,-0.12985832445855977,-0.1462860334307771
-0.6125,1.117654237858699,0.34072910204517387,-0.12920140052932028,-0.14494175307975107
-0.6074999999999999,1.1231016213516918,0.33592557496704234,-0.1285124606164847,-0.14356149412577365
-0.6025,1.1287318455262074,0.3309811213236658,-0.12779044772548875,-0.14214600915872255
-0.5974999999999999,1.1345447564400655,0.3258979790251038,-0.1270343304744337,-0.1406962223092455
-0.5925,1.1405394813455658,0.3206791210999797,-0.12624311318160486,-0.1392132361879374
-0.5875,1.1467143716583201,0.3153282985081599,-0.12541584711248077,-0.13769833761033493
-0.5825,1.1530669494310721,0.30985007833031786,-0.12455164288151871,-0.1361530018867348
-0.5775,1.1595938587879087,0.304249876031771,-0.12364968397041433,-0.1345788954642368
-0.5725,1.1662908238539238,0.29853398046570656,-0.12270924128583127,-0.13297787672445702
-0.5675,1.1731526147561604,0.29270957029564654,-0.12172968863616272,-0.13135199476466192
-0.5625,1.1801730232630934,0.28678472058486043,-0.12071051895953856,-0.129703486022913
-0.5575,1.1873448495627699,0.2807683984256921,-0.11965136108532703,-0.12803476864899727
-0.5525,1.1946599015468369,0.27467044666638657,-0.11855199676062636,-0.12634843457173706
-0.5475,1.2021090077650922,0.26850155503589973,-0.11741237762400239,-0.12464723926844172
-0.5425,1.209682044942805,0.2622732182638552,-0.1162326417637312,-0.12293408930191367
-0.5375,1.217367980615321,0.2559976811349937,-0.11501312946003225,-0.12121202775223269
-0.5325,1.2251549310406356,0.24968787079308208,-0.11375439768328964,-0.11948421773176887
-0.5275000000000001,1.2330302341146289,0.24335731700285965,-0.11245723290595015,-0.117753924229608
-0.5225,1.2409805365536222,0.23702006147205365,-0.11112266178714383,-0.11602449458286061
-0.5175000000000001,1.248991894146136,0.23069055770905803,-0.10975195930791325,-0.11429933791445544
-0.5125,1.2570498834334491,0.22438356322556482,-0.1083466539721787,-0.1125819039076704
-0.5075000000000001,1.2651397227802006,0.2181140261685816,-0.10690852974408535,-0.1108756613051535
-0.5025,1.2732464004638024,0.21189696866693594,-0.10543962446488125,-0.1091840765235777
-0.49750000000000005,1.2813548071635361,0.2057473692917668,-0.10394222457954745,-0.1075105927642577
-0.49250000000000005,1.2894498700807986,0.19968004705197026,-0.10241885610158434,-0.10585860997576058
-0.48750000000000004,1.2975166858790805,0.19370954927314313,-0.10087227184936612,-0.10423146598826113
-0.48250000000000004,1.305540649697355,0.18785004554708779,-0.0993054350944905,-0.10263241909328741
-0.47750000000000004,1.3135075776585496,0.18211522969854196,-0.09772149986653904,-0.10106463228917172
-0.47250000000000003,1.321403820554518,0.17651823141106987,-0.09612378825474992,-0.09953115935484688
-0.4675,1.3292163667242431,0.17107153880274226,-0.09451576513090433,-0.09803493285551972
-0.4625,1.3369329325331687,0.1657869328638053,-0.09290101078563337,-0.09657875412596559
-0.4575,1.3445420392868246,0.16067543428265918,-0.09128319201975578,-0.09516528522315572
-0.4525,1.3520330758492982,0.15574726281163165,-0.08966603226166339,-0.09379704279162056
-0.4475,1.359396346665836,0.15101180897635194,-0.08805328129084551,-0.09247639374382342
-0.4425,1.3666231052907045,0.14647761762494985,-0.08644868513711126,-0.09120555262475909
-0.4375,1.3737055738816446,0.14215238255505502,-0.0848559566966326,-0.08998658050536709
-0.4325,1.3806369494300181,0.13804295125308177,-0.08327874756201689,-0.08882138523304463
-0.4275,1.38741139774445,0.13415533863332982,-0.08172062150720565,-0.08771172285904308
-0.4225,1.3940240363927738,0.13049474857259646,-0.08018503000234393,-0.08665920006102563
-0.4175,1.4004709079332085,0.1270656019952419,-0.07867529006222322,-0.08566527738352833
-0.4125,1.406748944834714,0.12387157026801228,-0.07719456465767814,-0.08473127312837252
-0.4075,1.412855927504269,0.12091561270622248,-0.07574584584537848,-0.08385836774006762
-0.40249999999999997,1.4187904368127622,0.11820001706534249,-0.07433194070033956,-0.08304760854679047
-0.39749999999999996,1.4245518024493404,0.11572644198682264,-0.07295546006928844,-0.08229991473460394
-0.39249999999999996,1.4301400483446784,0.1134959604767403,-0.07161881010336203,-0.08161608245027668
-0.38749999999999996,1.435555836294621,0.11150910361390083,-0.07032418647659416,-0.08099678994561675
-0.38249999999999995,1.440800408794207,0.1097659038046652,-0.06907357115292333,-0.08044260269303591
-0.37749999999999995,1.4458755319645573,0.10826593702032078,-0.06786873152926143,-0.07995397841764752
-0.37250000000000005,1.4507834393267451,0.10700836356562973,-0.06671122175539473,-0.0795312720052589
-0.36750000000000005,1.4555267770517988,0.10599196703163746,-0.06560238601275009,-0.07917474025794818
-0.36250000000000004,1.4601085511976,0.10521519118015435,-0.06454336352273675,-0.0788845464794364
-0.35750000000000004,1.4645320773338866,0.10467617459056389,-0.06353509505070769,-0.07866076488117464
-0.35250000000000004,1.4688009328572804,0.1043727829714156,-0.06257833067271194,-0.07850338480704289
-0.34750000000000003,1.4729189122099902,0.10430263909978611,-0.061673638578232555,-0.07841231477991786
-0.3425,1.4768899851387678,0.10446315040117339,-0.06082141469211789,-0.07838738637727978
-0.3375,1.4807182580646014,0.10485153422251088,-0.06002189291204447,-0.07842835794566425
-0.3325,1.4844079385779463,0.1054648408817111,-0.0592751557732836,-0.07853491816532365
-0.3275,1.4879633030282957,0.1062999746000034,-0.05858114536953712,-0.07870668947712321
-0.3225,1.4913886671396612,0.10735371243929055,-0.05793967437650431,-0.07894323138364905
-0.3175,1.4946883595541396,0.10862272137685178,-0.0573504370430767,-0.07924404363591213
-0.3125,1.4978666981832376,0.11010357365494343,-0.056813020033151786,-0.07960856931604574
-0.3075,1.500927969230051,0.11179276054411703,-0.056326913018628695,-0.0800361978251485
-0.3025,1.503876408733902,0.11368670465718737,-0.0558915189408902,-0.08052626778403009
-0.2975,1.5067161864818077,0.11578177094647843,-0.05550616387376432,-0.08107806985316741
-0.2925,1.5094513921274526,0.11807427651086522,-0.055170106435431424,-0.08169084947674686
-0.2875,1.5120860233575248,0.12056049933176063,-0.054882546709905104,-0.08236380955431419
-0.2825,1.5146239759467928,0.1232366860490007,-0.05464263465051325,-0.08309611304231264
-0.27749999999999997,1.517069035546638,0.1260990588789392,-0.05444947794823609,-0.08388688548669598
-0.27249999999999996,1.5194248710565306,0.1291438217682576,-0.05430214935684599,-0.0847352174868676
-0.26749999999999996,1.5216950294337537,0.13236716586827094,-0.05419969347459288,-0.08564016709043036
-0.26249999999999996,1.5238829318032958,0.13576527440603484,-0.05414113298876065,-0.08660076211762828
-0.25749999999999995,1.5259918707369506,0.13933432702046936,-0.054125474394873335,-0.08761600241392153
-0.25249999999999995,1.5280250085781346,0.14307050362410825,-0.05415171320674541,-0.08868486202883889
-0.24750000000000005,1.5299853766965592,0.14696998784401039,-0.05421883867705401,-0.08980629131909414
-0.24250000000000005,1.5318758755645643,0.15102897008887287,-0.054325838050757115,-0.0909792189739101
-0.23750000000000004,1.5336992755545305,0.15524365028347745,-0.05447170037559539,-0.09220255396055387
-0.23250000000000004,1.535458218364244,0.15961024030627366,-0.054655419895186984,-0.09347518738823046
-0.22750000000000004,1.5371552189843498,0.16412496616114425,-0.05487599905094975,-0.09479599428869608
-0.22250000000000003,1.538792668129023,0.16878406991018188,-0.055132451119343985,-0.09616383531221638
-0.21750000000000003,1.540372835057703,0.1735838113905964,-0.055423802510800514,-0.0975775583377997
-0.21250000000000002,1.541897870722137,0.17852046973564034,-0.05574909475625294,-0.09903599999696393
-0.20750000000000002,1.5433698111790348,0.18359034471663868,-0.056107386206492894,-0.10053798711064156
-0.2025,1.5447905812143827,0.1887897579208016,-0.05649775346866593,-0.1020823380391727
-0.1975,1.5461619981308263,0.1941150537774492,-0.056919292603176255,-0.10366786394568382
-0.1925,1.5474857756545903,0.19956260044353713,-0.05737112010310708,-0.10529336997348102
-0.1875,1.5487635279230878,0.20512879055791536,-0.0578523736770321,-0.10695765633840605
-0.1825,1.5499967735187437,0.21081004187253402,-0.05836221285481684,-0.1086595193374006
-0.1775,1.5511869395185904,0.2166027977678073,-0.05889981943471672,-0.11039775227479753
-0.1725,1.5523353655329208,0.22250352765851727,-0.05946439778878801,-0.11217114630810769
-0.16749999999999998,1.5534433077096996,0.22850872729597238,-0.06005517504235902,-0.11397849121529145
-0.16249999999999998,1.55451194268457,0.23461491897158998,-0.06067140114207172,-0.11581857608570006
-0.15749999999999997,1.5555423714591363,0.24081865162663957,-0.06131234882581099,-0.117690189937038
-0.15249999999999997,1.5565356231928038,0.24711650087253817,-0.06197731350669717,-0.11959212226084022
-0.14749999999999996,1.5574926588957871,0.25350506892581237,-0.06266561308223044,-0.12152316349907252
-0.14249999999999996,1.558414375013017,0.2599809844616325,-0.06337658767865029,-0.12348210545455658
-0.13749999999999996,1.5593016068905556,0.2665409023896468,-0.06410959933960832,-0.12546774163798893
-0.13249999999999995,1.5601551321178186,0.27318150355571563,-0.06486403166735005,-0.12747886755437346
-0.12749999999999995,1.5609756737403928,0.2798994943730341,-0.0656392894237612,-0.1295142809317161
-0.12250000000000005,1.5617639033395543,0.2866916063860447,-0.06643479809785342,-0.13157278189484437
-0.11750000000000005,1.5625204439757425,0.29355459577046866,-0.06725000344554383,-0.13365317308721233
-0.11250000000000004,1.5632458729942489,0.30048524277271704,-0.0680843710069169,-0.13575425974353791
-0.10750000000000004,1.5639407246922354,0.3074803510918871,-0.06893738560554763,-0.1378748497160938
-0.10250000000000004,1.5646054928469397,0.31453674720749136,-0.0698085508339027,-0.1400137534574386
-0.09750000000000003,1.565240633105536,0.3216512796560125,-0.07069738852832534,-0.14216978396233387
-0.09250000000000003,1.5658465652376368,0.3288208182593226,-0.07160343823664113,-0.14434175667154456
-0.08750000000000002,1.5664236752518401,0.3360422533079461,-0.0725262566809945,-0.14652848934016882
-0.08250000000000002,1.566972317378052,0.3433124947020954,-0.07346541721813868,-0.14872880187308968
-0.07750000000000001,1.5674928159175736,0.35062847105333456,-0.07442050929904749,-0.1509415161300835
-0.07250000000000001,1.5679854669631192,0.3579871287496806,-0.07539113792939796,-0.15316545570306714
-0.0675,1.568450539991059,0.3653854309868772,-0.07637692313217877,-0.15539944566790873
-0.0625,1.5688882793282368,0.37282035676851594,-0.07737749941341761,-0.1576423123131743
-0.057499999999999996,1.5692989054957351,0.3802888998776152,-0.07839251523177743,-0.1598928828481355
-0.05249999999999999,1.5696826164319306,0.3877880678222042,-0.07942163247255335,-0.16214998509231426
-0.04749999999999999,1.5700395885971115,0.39531488075739046,-0.08046452592640196,-0.16441244714880157
-0.04249999999999998,1.5703699779618323,0.40286637038633516,-0.08152088277295219,-0.16667909706355086
-0.03749999999999998,1.5706739208810538,0.41043957884249044,-0.08259040206927892,-0.1689487624728166
-0.03249999999999997,1.5709515348559537,0.41803155755540383,-0.08367279424306637,-0.17122027024088515
-0.02749999999999997,1.571202919185124,0.4256393661023355,-0.08476778059014636,-0.17349244609023037
-0.022499999999999964,1.5714281555066765,0.4332600710478813,-0.08587509277596186,-0.17576411422621324
-0.01749999999999996,1.5716273082325625,0.4408907447737536,-0.08699447234038388,-0.1780340969584501
-0.012499999999999956,1.5718004248761999,0.44852846430081905,-0.0881256702051901,-0.18030121432097448
-0.007499999999999951,1.5719475362742616,0.45617031010546405,-0.08926844618340467,-0.1825642836933391
-0.0024999999999999467,1.572068656703249,0.46381336493231495,-0.0904225684895878,-0.18482211942482504
0.0024999999999999467,1.5721637838912235,0.4714547126053173,-0.09158781325006338,-0.18707353246396013
0.007500000000000062,1.5722328989248362,0.4790914368391497,-0.09276396401196947,-0.18931732999559234
0.012499999999999956,1.572275966051536,0.4867206200529285,-0.09395081124991762,-0.1915523150878131
0.01750000000000007,1.5722929323766073,0.49433934218814135,-0.09514815186894718,-0.19377728635109126
0.022499999999999964,1.5722837274544414,0.5019446795327414,-0.09635578870236247,-0.1959910376120459
0.02750000000000008,1.5722482627732215,0.5095337035533156,-0.09757353000294022,-0.1981923576043691
0.03249999999999997,1.5721864311319673,0.5171034797372459,-0.09880118892589396,-0.20038002967950141
0.03750000000000009,1.572098105908688,0.5246510664467694,-0.10003858300187819,-0.20255283153976075
0.04249999999999998,1.5719831402181832,0.5321735137868526,-0.1012855335982118,-0.20470953499673852
0.0475000000000001,1.5718413659578534,0.5396678624887856,-0.10254186536639033,-0.20684890575789527
0.05249999999999999,1.571672592739728,0.5471311428114113,-0.1038074056738478,-0.20896970324441752
0.05750000000000011,1.5714766067067658,0.5545603734619006,-0.10508198401781499,-0.2110706804435385
0.0625,1.5712531692313851,0.5619525605379857,-0.10636543141900373,-0.21315058379866955
0.0674999999999999,1.5710020154940845,0.5693046964935633,-0.10765757979272987,-0.21520815314085173
0.07250000000000001,1.5707228529399793,0.5766137591295647,-0.10895826129496315,-0.21724212166519702
0.0774999999999999,1.570415359611058,0.5838767106119933,-0.11026730764067083,-0.2192512159561661
0.08250000000000002,1.5700791823519968,0.591090496519004,-0.11158454939169461,-0.22123415606571026
0.08749999999999991,1.5697139348874578,0.5982520449188788,-0.11290981521127597,-0.22318965564849108
0.09250000000000003,1.5693191957689159,0.6053582654807314,-0.11424293108221756,-0.22511642215859054
0.09749999999999992,1.5688945061892656,0.6124060486197257,-0.11558371948554495,-0.2270131571123192
0.10250000000000004,1.5684393676637065,0.6193922646785618,-0.1169319985364118,-0.22887855642193994
0.10749999999999993,1.5679532395757416,0.6263137631469152,-0.11828758107387397,-0.23071131080532897
0.11250000000000004,1.5674355365875263,0.6331673719204642,-0.11965027370105107,-0.23251010627680863
0.11749999999999994,1.5668856259143058,0.6399498966010615,-0.1210198757720923,-0.23427362472459615
0.12250000000000005,1.5663028244632635,0.6466581198395287,-0.12239617832227981,-0.2360005445805255
0.12749999999999995,1.5656863958377996,0.6532888007224666,-0.12377896293752944,-0.23768954158790273
0.13250000000000006,1.5650355472090534,0.6598386742043852,-0.1251680005595044,-0.2393392896735644
0.13749999999999996,1.5643494260574173,0.6663044505863526,-0.1265630502225291,-0.24094846193039834
0.14250000000000007,1.5636271167878297,0.6726828150422915,-0.12796385771850102,-0.24251573171677737
0.14749999999999996,1.5628676372238341,0.6789704271939384,-0.1293701541860417,-0.24403977387952647
0.15250000000000008,1.5620699349867233,0.6851639207354335,-0.13078165462021607,-0.2455192661072036
0.15749999999999997,1.5612328837675846,0.691259903108433,-0.1321980562992914,-0.24695289042060992
0.1625000000000001,1.5603552795017301,0.6972549552286257,-0.1336190371252055,-0.24833933480755704
0.16749999999999998,1.559435836456828,0.7031456312645384,-0.13504425387468863,-0.2496772950090048
0.1725000000000001,1.5584731832480856,0.7089284584695877,-0.13647334035833364,-0.250965476463729
0.1775,1.5574658587960621,0.7145999370684651,-0.13790590548535597,-0.252202596418683
0.1825000000000001,1.556412308245112,0.7201565401991605,-0.13934153123233625,-0.253387386212178
0.1875,1.5553108788631187,0.7255947139122627,-0.14077977051491022,-0.254518593736904
0.1924999999999999,1.5541598159460495,0.7309108772296161,-0.14222014496217872,-0.25559498608964876
0.1975,1.5529572587539733,0.736101422265034,-0.14366214259456614,-0.25661535241432437
0.2024999999999999,1.5517012365085419,0.7411627144105607,-0.1451052154069867,-0.25757850694458323
0.20750000000000002,1.55038966448554,0.7460910925927849,-0.1465487768604901,-0.2584832922518665
0.2124999999999999,1.5490203402399898,0.7508828696049924,-0.14799219928707755,-0.2593285827041711
0.21750000000000003,1.547590940005436,0.7555343325224896,-0.14943481121412644,-0.26011328814013956
0.22249999999999992,1.5460990153134657,0.7600417432103648,-0.15087589461685064,-0.2608363577622301
0.22750000000000004,1.5445419898842319,0.7644013389352254,-0.1523146821094779,-0.2614967842517077
0.23249999999999993,1.5429171568437656,0.7686093330951981,-0.15375035408836427,-0.26209360810698856
0.23750000000000004,1.5412216763291782,0.7726619160856949,-0.15518203584310064,-0.26262592220542613
0.24249999999999994,1.5394525735484896,0.7765552563222197,-0.15660879465482397,-0.2630928765869558
0.24750000000000005,1.5376067373677673,0.7802855014458586,-0.1580296369044249,-0.2634936834560433
0.25249999999999995,1.5356809195045389,0.7838487797421219,-0.15944350521716566,-0.26382762239612506
0.25750000000000006,1.5336717344130322,0.787241201809547,-0.16084927567438195,-0.2640940457881231
0.26249999999999996,1.5315756599537227,0.7904588625209592,-0.16224575512744377,-0.26429238442164693
0.26750000000000007,1.52938903894689,0.7934978433275882,-0.16363167865397543,-0.26442215328413043
0.27249999999999996,1.5271080817174028,0.7963542149643725,-0.1650057072014734,-0.2644829575093619
0.2775000000000001,1.5247288697457357,0.7990240406237775,-0.1663664254688652,-0.26447449846261833
0.2825,1.5222473605481972,0.801503379675301,-0.16771234008219607,-0.264396579934914
0.2875000000000001,1.519659393917482,0.8037882920185289,-0.16904187812642954,-0.26424911441366805
0.2925,1.516960699662814,0.805874843169095,-0.17035338610123735,-0.26403212939142645
0.2975000000000001,1.5141469069970075,0.8077591101890528,-0.17164512937452026,-0.26374577366810936
0.3025,1.51121355572554,0.8094371885859296,-0.1729152922131178,-0.2633903235956469
0.3075000000000001,1.508156109399962,0.8109052003178276,-0.17416197847558246,-0.2629661892068447
0.3125,1.504969970604354,0.812159303055139,-0.17538321305681126,-0.2624739201629515
0.3174999999999999,1.501650498548658,0.8131957008624101,-0.17657694417854242,-0.26191421144677823
0.3225,1.4981930291460752,0.8140106564761562,-0.1777410466229757,-0.2612879087204686
0.3274999999999999,1.494592897752702,0.814600505365421,-0.1788733260087653,-0.2605960132592765
0.3325,1.4908454647454075,0.8149616717709531,-0.1799715242090516,-0.2598396863651996
0.3374999999999999,1.486946144107761,0.8150906869251422,-0.18103332600966845,-0.25902025315723926
0.3425,1.4828904351825192,0.8149842096573552,-0.182056367101793,-0.2581392056287176
0.3474999999999999,1.478673957731581,0.8146390495869003,-0.18303824349667722,-0.25719820485677325
0.35250000000000004,1.474292490419051,0.8140521930971583,-0.18397652244026172,-0.2561990822452628
0.35749999999999993,1.4697420127986118,0.8132208322680047,-0.18486875489198556,-0.25514383968019805
0.36250000000000004,1.46501875084123,0.8121423969178928,-0.1857124896145151,-0.2540346484769886
0.36749999999999994,1.4601192259816544,0.8108145898701254,-0.1865052888990219,-0.2528738470015954
0.37250000000000005,1.4550403075906697,0.8092354255082286,-0.18724474592368737,-0.2516639368536924
0.37749999999999995,1.4497792686932234,0.8074032716211779,-0.18792850371103792,-0.2504075775095419
0.38250000000000006,1.4443338446492806,0.8053168944591053,-0.18855427561240626,-0.24910757933593672
0.38749999999999996,1.4387022943940055,0.8029755068227835,-0.1891198672053134,-0.24776689490461837
0.39250000000000007,1.4328834636968069,0.8003788188950184,-0.18962319944217726,-0.24638860855930794
0.39749999999999996,1.4268768497460214,0.7975270913891934,-0.1900623328370459,-0.24497592421502778
0.4025000000000001,1.4206826661999779,0.7944211904406985,-0.19043549242195576,-0.24353215140170342
0.4075,1.4143019076697205,0.7910626435031803,-0.19074109314734303,-0.24206068960086446
0.4125000000000001,1.4077364124193843,0.7874536953373413,-0.1909777653434324,-0.24056501096508326
0.4175,1.4009889218945408,0.7835973630009687,-0.19114437980388696,-0.23904864155379643
0.4225000000000001,1.394063135526071,0.7794974885723484,-0.19124007200185542,-0.23751514126519754
0.4275,1.3869637591183477,0.7751587881744683,-0.1912642649049036,-0.23596808269051658
0.4325000000000001,1.379696545028183,0.7705868957253017,-0.19121668982247303,-0.23441102916241538
0.4375,1.372268322288382,0.7657883997322256,-0.19109740470090159,-0.23284751231138587
0.4424999999999999,1.3646870148401387,0.7607708713890744,-0.19090680928003012,-0.2312810094806735
0.4475,1.3569616461240963,0.7555428822352953,-0.19064565654505383,-0.2297149213790375
0.4524999999999999,1.34910232845052,0.7501140097096073,-0.19031505994996228,-0.2281525503693127
0.4575,1.3411202358308696,0.7444948290846117,-0.18991649595613666,-0.2265970797972089
0.4624999999999999,1.3330275593072387,0.7386968905093351,-0.18945180152167318,-0.22505155475745017
0.4675,1.3248374442576736,0.7327326802141383,-0.18892316629253267,-0.22351886467218937
0.4724999999999999,1.3165639096724604,0.7266155653413849,-0.18833311938276578,-0.22200172801938975
0.47750000000000004,1.308221749970174,0.7203597223437851,-0.18768451078323842,-0.22050267949720445
0.48249999999999993,1.2998264205272603,0.7139800494219898,-0.1869804876002784,-0.2190240598458973
0.48750000000000004,1.29139390870048,0.7074920640295963,-0.18622446549002197,-0.21756800847410687
0.49249999999999994,1.282940592693793,0.7009117870283619,-0.18542009581260913,-0.21613645895459974
0.49750000000000005,1.2744830911255558,0.6942556155978695,-0.18457122917418764,-0.2147311373700901
0.5025,1.2660381065558268,0.6875401874606116,-0.18368187614575024,-0.21335356340653014
0.5075000000000001,1.2576222665098384,0.6807822393465991,-0.18275616603907469,-0.21200505401382702
0.5125,1.24925196566274,0.673998462867452,-0.18179830467610547,-0.2106867293862089
0.5175000000000001,1.2409432128227114,0.6672053610821188,-0.18081253210585332,-0.20939952095974587
0.5225,1.2327114861653654,0.6604191090075754,-0.17980308120165184,-0.2081441810852415
0.5275000000000001,1.2245715998435882,0.6536554211603323,-0.17877413801327852,-0.20692129401210937
0.5325,1.2165375846448212,0.6469294289200265,-0.17772980465726648,-0.2057312878130736
0.5375000000000001,1.2086225848210799,0.6402555701046875,-0.17667406541088831,-0.20457444688957244
0.5425,1.2008387726095024,0.6336474926646204,-0.17561075653832442,-0.20345092472164886
0.5475000000000001,1.1931972813286154,0.6271179738682824,-0.17454354022968085,-0.2023607565611936
0.5525,1.1857081573124906,0.6206788558002476,-0.17347588288305088,-0.20130387181053874
0.5575000000000001,1.1783803303626037,0.6143409974483014,-0.1724110378143672,-0.20028010587630282
0.5625,1.1712216018808914,0.6081142431502324,-0.17135203234589277,-0.1992892113378973
0.5674999999999999,1.1642386494157446,0.6020074067223676,-0.17030165910693854,-0.19833086831842506
0.5725,1.1574370460165693,0.5960282702165315,-0.16926247128320307,-0.19740469399051427
0.5774999999999999,1.150821292555992,0.5901835959588521,-0.16823678147581855,-0.19651025118924687
0.5825,1.144394861039322,0.5844791503155269,-0.16722666377804102,-0.1956470561376742
0.5874999999999999,1.1381602468708591,0.5789197375048816,-0.16623395864555965,-0.19481458531696677
0.5925,1.1321190280746203,0.5735092417251132,-0.16526028012362756,-0.19401228153303285
0.5974999999999999,1.1262719295593215,0.5682506758832975,-0.16430702499798655,-0.19323955924488168
0.6025,1.1206188906592434,0.5631462352819973,-0.1633753834538265,-0.19249580922779028
0.6074999999999999,1.1151591343593656,0.5581973547328265,-0.16246635085464883,-0.19178040264734741
0.6125,1.1098912368113265,0.553404767709511,-0.16158074028785127,-0.19109269461964024
0.6174999999999999,1.104813195954431,0.5487685663150613,-0.160719195563343,-0.1904320273291596
0.6225,1.0999224982632008,0.5442882610088174,-0.15988220439313391,-0.18979773277031547
0.6275,1.0952161828419926,0.5399628392110392,-0.1590701115216286,-0.18918913517153363
0.6325000000000001,1.0906909022723006,0.5357908220689255,-0.15828313161674612,-0.18860555315340452
0.6375,1.0863429797856494,0.5317703188235785,-0.15752136176983997,-0.1880463016647708
0.6425000000000001,1.082168462482288,0.5278990783592223,-0.15678479348693272,-0.18751069373335127
0.6475,1.078163170442368,0.524174537641957,-0.15607332408457275,-0.1869980420607802
0.6525000000000001,1.0743227416821686,0.5205938668646373,-0.1553867674304564,-0.1865076604859249
0.6575,1.070642672994225,0.517154011207157,-0.1547248639918731,-0.18603886533514405
0.6625000000000001,1.0671183567784523,0.5138517291981337,-0.15408729017416867,-0.185590976673751
0.6675,1.0637451140234386,0.5106836277258858,-0.15347366694706532,-0.1851633194693412
0.6725000000000001,1.0605182236349944,0.5076461937950789,-0.1528835677691476,-0.18475522467476216
0.6775,1.057432948334875,0.5047358231620466,-0.15231652583048877,-0.18436603023627052
0.6825000000000001,1.0544845573682806,0.5019488460081651,-0.15177204064061794,-0.18399508203074835
0.6875,1.05166834626616,0.4992815498283519,-0.15124958399418992,-0.18364173473465192
0.6924999999999999,1.0489796539091445,0.49673019972222954,-0.15074860535013423,-0.18330535262654998
0.6975,1.04641387713559,0.4942910562801107,-0.15026853666206338,-0.18298531032460502
0.7024999999999999,1.0439664831279958,0.49196039125588065,-0.1498087966985688,-0.18268099346008104
0.7075,1.0416330198010542,0.48973450121519446,-0.14936879489198687,-0.1823917992878746
0.7124999999999999,1.0394091244016772,0.4876097193409885,-0.14894793475346702,-0.18211713723509862
0.7175,1.037290530517269,0.48558242556995945,-0.14854561689091542,-0.18185642938887392
0.7224999999999999,1.0352730736738422,0.48364905522396884,-0.1481612416647523,-0.1816091109246555
0.7275,1.0333526956907828,0.481806106289817,-0.14779421151453706,-0.18137463047662275
0.7324999999999999,1.0315254479444875,0.480050145489897,-0.14744393298747704,-0.18115245045186468
0.7375,1.0297874936789966,0.4783778132752153,-0.1471098184977211,-0.18094204729029256
0.7424999999999999,1.0281351094882911,0.4767858278613798,-0.14679128784321113,-0.18074291167239087
0.7475,1.0265646860822608,0.4752709884176067,-0.14648776950475872,-0.18055454867707216
0.7525,1.0250727284365302,0.4738301775086952,-0.14619870174997648,-0.18037647789202713
0.7575000000000001,1.0236558554153983,0.4724603628803772,-0.1459235335627407,-0.18020823347906278
0.7625,1.0223107989471056,0.4711585986694948,-0.14566172541700897,-0.18004936419698617
0.7675000000000001,1.0210344028214786,0.4699220261121617,-0.1454127499120782,-0.17989943338463715
0.7725,1.0198236211716678,0.46874787381538563,-0.14517609228474396,-0.1797580189066877
0.7775000000000001,1.0186755166941583,0.4676334576506279,-0.14495125081231824,-0.17962471306482844
0.7825,1.017587258654431,0.46657618032138587,-0.1447377371190704,-0.1794991224769398
0.7875000000000001,1.0165561207195304,0.4655735306511153,-0.1445350763973795,-0.17938086792681807
0.7925,1.0155794786532968,0.4646230826326243,-0.14434280755371534,-0.1792695841869859
0.7975000000000001,1.0146548079050923,0.4637224942754321,-0.14416048328849623,-0.17916491981707466
0.8025,1.0137796811184387,0.4628695062834582,-0.14398767011789862,-0.1790665369402165
0.8075000000000001,1.0129517655820595,0.46206194059173433,-0.14382394834481613,-0.1789741109998367
0.8125,1.0121688206423365,0.4612976987875721,-0.1436689119853702,-0.17888733049917932
0.8174999999999999,1.0114286950931493,0.4605747604386973,-0.1435221686566672,-0.17880589672584243
0.8225,1.0107293245564157,0.45989118134823226,-0.14338333943086895,-0.17872952346352394
0.8274999999999999,1.0100687288644394,0.4592450917539949,-0.1432520586600909,-0.17865793669309132
0.8325,1.0094450094533192,0.45863469448734556,-0.1431279737761652,-0.17859087428497794
0.8374999999999999,1.0088563467752316,0.4580582631046841,-0.14301074506889475,-0.1785280856847718
0.8425,1.0083009977362989,0.4575141400026794,-0.14290004544607246,-0.17846933159369552
0.8474999999999999,1.007777293165968,0.4570007345263629,-0.14279556017824654,-0.178414383645485
0.8525,1.0072836353233163,0.4565165210773614,-0.1426969866309515,-0.17836302408095675
0.8574999999999999,1.006818495445361,0.45606003722781874,-0.14260403398690233,-0.1783150454213246
0.8625,1.0063804113422297,0.45562988184399844,-0.14251642296043837,-0.17827025014109685
0.8674999999999999,1.0059679850438394,0.455224713222225,-0.14243388550630134,-0.1782284503411664
0.8725,1.0055798805024612,0.45484324723877484,-0.14235616452462715,-0.17818946742252162
0.8775,1.0052148213551413,0.45448425551459976,-0.1422830135638115,-0.17815313176085762
0.8825000000000001,1.0048715887493704,0.45414656359537625,-0.14221419652268583,-0.1781192823822824
0.8875,1.0045490192346336,0.453829049147308,-0.1421494873532016,-0.17808776664027637
0.8925000000000001,1.0042460027215463,0.45353064016934097,-0.14208866976458934,-0.17805843989409764
0.8975,1.00396148050926,0.4532503132228677,-0.14203153692973802,-0.1780311651889032
0.9025000000000001,1.0036944433807788,0.4529870916805489,-0.14197789119436732,-0.17800581293799905
0.9075,1.003443929764843,0.4527400439964161,-0.14192754378945985,-0.17798226060782274
0.9125000000000001,1.0032090239622329,0.4525082819998667,-0.14188031454745886,-0.17796039240656214
0.9175,1.0029888544337564,0.45229095921640905,-0.14183603162301844,-0.17794009897782076
0.9225000000000001,1.0027825921468712,0.4520872692180139,-0.14179453121984423,-0.17792127710174024
0.9275,1.0025894489778227,0.45189644400566475,-0.14175565732681686,-0.17790382940812624
0.9325000000000001,1.002408676166293,0.45171775242616136,-0.1417192614700278,-0.1778876641108056
0.9375,1.0022395628196343,0.45155049862452923,-0.14168520249432673,-0.17787269478280368
0.9424999999999999,1.0020814344635238,0.451394020532587,-0.14165334640188268,-0.17785884021474313
0.9475,1.001933651634748,0.45124768839354573,-0.14162356630262724,-0.17784602444885428
0.9524999999999999,1.0017956085090083,0.45111090332232373,-0.14159574258441526,-0.17783417718991054
0.9575,1.0016667315512757,0.45098309590272634,-0.14156976351132175,-0.177823235030594
0.9624999999999999,1.0015464781704608,0.45086372483123327,-0.14154552664509015,-0.1778131444383412
0.9675,1.0014343353803161,0.4507522756645798,-0.1415229418225378,-0.1778038685425293
0.9724999999999999,1.0013298187058335,0.45064826001492764,-0.14150193702541994,-0.17779540206919123
0.9775,1.001232473307027,0.45055121736041015,-0.1414824696216835,-0.17778780348095785
0.9824999999999999,1.001141890906858,0.4504607334708681,-0.14146454830451863,-0.17778126193291313
0.9875,1.0010578323817612,0.4503765665836003,-0.14144828275843777,-0.17777622506249852
0.9924999999999999,1.0009810436933106,0.4502994752886509,-0.14143404602472437,-0.17777356757698562
0.9975,1.000918592684211,0.45023661434692164,-0.14142327219685935,-0.17777426708988037
